    unsorted:	 535.9710430 561.6413881 506.1732163 442.0186826 635.7661565 720.3316448 814.6086888 801.5565760 377.1035836 953.0775614 992.1945078 1011.360951 256.4806534 1273.952861 1350.697739 1482.359532 1625.839328 1694.622728 1928.820202 2291.509725 3289.559748 4437.275453 6817.915885 9669.835205 14000.80483 17383.63768 16881.72885 19458.74216 19845.00321 24213.05565 24150.04138 25218.90619 28911.46989 33716.63636 36963.80644 38463.89733 39514.86506 45481.80202 48121.43908 55768.14324 61923.41007 67220.39878 78956.84499 89027.16059 103764.6117 125957.1610 175914.7808 207697.1429 209476.8302 301987.6095 457170.1066 727441.3743 1377780.167 3895705.784 -3.357504991e+10
      sorted:	 -3.357504991e+10 256.4806534 377.1035836 442.0186826 506.1732163 535.9710430 561.6413881 635.7661565 720.3316448 801.5565760 814.6086888 953.0775614 992.1945078 1011.360951 1273.952861 1350.697739 1482.359532 1625.839328 1694.622728 1928.820202 2291.509725 3289.559748 4437.275453 6817.915885 9669.835205 14000.80483 16881.72885 17383.63768 19458.74216 19845.00321 24150.04138 24213.05565 25218.90619 28911.46989 33716.63636 36963.80644 38463.89733 39514.86506 45481.80202 48121.43908 55768.14324 61923.41007 67220.39878 78956.84499 89027.16059 103764.6117 125957.1610 175914.7808 207697.1429 209476.8302 301987.6095 457170.1066 727441.3743 1377780.167 3895705.784
