## assessCA model parameter and state variable estimates
## Model dimensions
# nT
65
# nAges
9

## Parameter estimates
# initN_mult
 28.2036 1.6127 2.12074 1.44758 1.90029 0.695492 0.888518 13.3568 1.28013
# logit.ySteepness
2.03089
# rSteepness
0.910771
# rec.a
56.5273
# rec.b
0.199142
# R0
276.902
# B0
200
# M
0.159449
# aSel50
0.36788
# aSel95
0.735759
# aSelS50
73.4033
# aSelS95
163.42
# omega
 0 0 0 0 0 0 0 0 0 0 0 0 0 0 0 0 0 0 0 0 0 0 0 0 0 0 0 0 0 0 0 0 0 0 0 0 0 0 0 0 0 0 0 0 0 0 0 0 0 0 0 0 0 0 0 0 0 0 0 0 0 0
# Rt
 7809.62 280.802 280.716 281.174 281.988 282.089 282.007 281.62 281.264 280.938 280.307 279.895 278.885 278.273 276.475 273.785 271.774 268.071 266.643 267.373 268.986 270.509 271.402 271.182 270.85 268.955 267.23 264.226 261.461 257.563 260.936 264.132 266.11 267.04 268.146 268.95 269.997 271.046 271.908 272.555 272.368 271.979 271.651 271.685 271.543 271.243 271.146 271.579 272.101 272.113 271.951 271.939 272.119 272.566 273.104 273.586 273.964 274.308 274.697 275.045 275.343 275.592 275.8 275.972 276.116
# Mt
 0.159449 0.159449 0.159449 0.159449 0.159449 0.159449 0.159449 0.159449 0.159449 0.159449 0.159449 0.159449 0.159449 0.159449 0.159449 0.159449 0.159449 0.159449 0.159449 0.159449 0.159449 0.159449 0.159449 0.159449 0.159449 0.159449 0.159449 0.159449 0.159449 0.159449 0.159449 0.159449 0.159449 0.159449 0.159449 0.159449 0.159449 0.159449 0.159449 0.159449 0.159449 0.159449 0.159449 0.159449 0.159449 0.159449 0.159449 0.159449 0.159449 0.159449 0.159449 0.159449 0.159449 0.159449 0.159449 0.159449 0.159449 0.159449 0.159449 0.159449 0.159449 0.159449 0.159449 0.159449 0.159449
# kappa
2.315
# tau
0.732066
# sigmaR
2.1962
# q
1
# q1
1
# q2
1

## Derived variables
# spawnBt
 462.042 449.259 526.767 759.023 802.47 766.548 632.881 545.226 483.749 396.804 354.988 281.805 250.356 188.15 136.543 112.973 85.2913 77.7981 81.4628 90.8446 101.786 109.444 107.465 104.59 90.6472 80.7185 67.5997 58.6323 49.1937 57.1738 67.2504 75.3079 79.7526 85.7197 90.615 97.8456 106.268 114.302 121.131 119.071 115.015 111.789 112.108 110.759 108.006 107.146 111.097 116.261 116.379 114.729 114.607 116.442 121.25 127.567 133.802 139.095 144.299 150.641 156.793 162.444 167.499 171.946 175.825 179.19 180.544
# exploitBt
 549.869 683.068 769.816 844.863 831.589 788.527 652.241 564.501 504.022 416.358 375.29 300.422 269.513 205.028 151.392 128.612 99.9112 93.6347 99.8221 110.988 122.513 129.744 126.201 122.659 106.926 96.4489 82.3272 73.0083 62.7869 74.2711 86.6215 94.2501 97.8416 104.182 109.421 117.292 126.366 134.699 141.557 138.343 133.513 130.239 131.11 129.735 126.589 125.807 130.597 136.36 135.889 133.652 133.628 135.897 141.344 148.177 154.623 159.914 165.187 171.821 178.185 183.922 189.015 193.488 197.389 200.772 201.974
# exploitBtS
 55.8484 67.6869 75.359 83.1486 82.9506 79.9378 67.2431 59.1194 53.5333 44.0688 39.57 31.5448 28.1721 21.3264 15.6543 13.1998 10.1655 9.4399 9.98514 11.0489 12.177 12.9087 12.5849 12.259 10.7003 9.64537 8.21062 7.24881 6.19967 7.29691 8.49192 9.24677 9.62335 10.2791 10.8309 11.6454 12.5814 13.4429 14.1603 13.8696 13.4075 13.0889 13.177 13.0338 12.7102 12.6232 13.097 13.6746 13.6333 13.4164 13.4195 13.6513 14.203 14.8973 15.5579 16.1085 16.6628 17.3578 18.0275 18.6346 19.1761 19.654 20.0727 20.4373 20.5773
# Ft
 0 0.0715583 0.00152612 0.0336457 0.0219767 0.121738 0.0670659 0.0323713 0.0947765 0.0230809 0.14259 0.0520258 0.208416 0.247665 0.158192 0.254215 0.129632 0.033261 0 0.00284926 0.0336935 0.104048 0.100397 0.194221 0.173711 0.230128 0.217036 0.259157 3.66819e-05 0.0118679 0.0641981 0.0928799 0.0578306 0.0610418 0.0327168 0.0184872 0.0190602 0.0238092 0.0854552 0.0937603 0.0842044 0.056677 0.07426 0.08863 0.073651 0.0335984 0.0268172 0.0684703 0.078658 0.0628147 0.0465641 0.02381 0.0131997 0.0133808 0.0171754 0.0134377 0.00178252 0 0 0 0 0 0 0.00852871 0.107147
# D
0.390752
# projSpawnBio
163.418
# projExpBio
182.213
# projExpBioS
20.5773
# trendBio
0.00122942

## Priors
# pmSteepness
0.8
# psdSteepness
0.08
# pmM
0.5
# psdM
0.05

## Minimization properties
# eiv_nll
169.56
# age_nll
1014.27
# steepness_nlp
8.92309
# objFun
1161.52
# maxGrad
9.85142e-05
# iExit
1
# nEval
-2

## Life history schedules
# len
 10.34 17.5605 22.2575 25.3129 27.3005 28.5934 29.4345 29.9816 30.3375
# wt
 0.00669296 0.0350653 0.0735816 0.110018 0.139353 0.161049 0.176331 0.186784 0.193805
# mat
 0.00680752 0.0619228 0.38865 0.859599 0.983323 0.998242 0.999817 0.999981 0.999998
# sel
 0.993691 0.999998 1 1 1 1 1 1 1

## Input data
# katch
 18.129 48.8792 1.17483 28.426 18.2756 95.9937 43.7431 18.2737 47.7695 9.60989 53.5125 15.6297 56.1708 50.7784 23.949 32.6951 12.9517 3.11439 0 0.316236 4.12791 13.4997 12.6702 23.823 18.5742 22.1956 17.868 18.9206 0.00230314 0.881441 5.56094 8.75394 5.65824 6.35947 3.57991 2.1684 2.40856 3.20708 12.0968 12.9711 11.2424 7.38153 9.73622 11.4984 9.3234 4.22691 3.50225 9.33659 10.6888 8.39534 6.22226 3.2357 1.8657 1.98273 2.65571 2.14887 0.294448 0 0 0 0 0 0 1.71233 21.6409
# lastDt
21.6409
# ItScaled
 0 17.4135 20.508 18.0247 12.8787 12.1237 48.331 18.6679 13.2432 13.6866 16.6431 28.4848 16.617 18.8408 25.4276 15.5836 4.49068 2.0234 9.26818 14.2108 15.6379 20.9511 9.14787 7.97431 25.0674 16.6848 33.2986 38.0522 21.3771 10.94 12.0436 20.1492 29.8665 35.378 18.2083 11.7824 8.6632 12.7865 19.431 30.6908 56.3922 41.5512 20.6248 21.1245 36.8333 29.5058 20.038 44.7984 19.781 38.4654 42.2523 40.803 37.7308 20.0458 19.3579 9.87158 6.81908 11.0984 8.59461 9.14743 5.47912 4.93803 12.2709 7.98099 11.6394
# obsPropAge
 15.8025 0 0 0 0 0.000286499 0.0194229 0.386265 0.21306
 0.0474942 0.0604176 0.038849 0.0409678 0.193237 0.000557048 0.018328 0.255202 0.539741
 0.106537 0.0157683 0.0101634 0.0117166 0.041987 0.0123659 0.0189241 0.12676 0.333059
 0.41915 0.0530472 0.00842197 0.00662242 0.021649 0.0016295 0.163121 0.0756164 0.199394
 0.30482 0.204032 0.0371388 0.0048248 0.00942383 0.00107914 0.0202464 0.588199 0.134814
 0.0986615 0.0816608 0.0612257 0.00909202 0.00502195 0.00284317 0.0141272 0.0691568 0.733082
 0.0795209 0.0305174 0.0303583 0.035333 0.00506107 0.00579613 0.092882 0.172661 0.210657
 0.432369 0.0429148 0.0125281 0.0181826 0.012009 0.00315133 0.0801325 0.477305 0.27106
 0.0509072 0.0914393 0.0165335 0.00310148 0.00637003 0.000186965 0.0546128 0.283444 0.498528
 0.0972801 0.0240976 0.0330604 0.00511912 0.0036713 0.00151767 0.00660685 0.336576 0.362444
 0.22418 0.0470331 0.00949199 0.0106481 0.00150208 0.00661761 0.011878 0.0261335 0.618415
 0.237365 0.078409 0.0111176 0.00285989 0.00720408 0.00897407 0.123581 0.25065 0.0557319
 0.388992 0.131295 0.0308958 0.00585104 0.00402997 0.00392541 0.0625131 0.449069 0.243151
 0.0410149 0.124294 0.0586452 0.0137218 0.00366504 0.0018862 0.0384886 0.312984 0.522983
 0.0762398 0.00954855 0.0222516 0.0109006 0.00471774 0.00611388 0.0564598 0.376611 0.372864
 0.144397 0.0252597 0.00395218 0.00936183 0.00498052 0.0231619 0.0568756 0.192529 0.54577
 0.126114 0.0405565 0.0114021 0.00114578 0.00244588 0.00650816 0.584404 0.196889 0.163087
 0.0354514 0.0107395 0.00232917 0.000370768 0.000221197 0.0026645 0.029536 0.871767 0.0795408
 0.0133948 0.00250352 0.000436283 0.000117657 3.92696e-05 0.00568734 0.0201976 0.0723275 0.857511
 0.0378073 0.00531797 0.000964693 0.000137716 4.84348e-05 0.00206276 0.0707993 0.0923822 0.144473
 0.667764 0.0187214 0.00310601 0.000540418 0.000150464 0.00409353 0.0233017 0.237425 0.122225
 0.10359 0.501395 0.00577075 0.00177878 0.000419861 0.00106933 0.0542385 0.114916 0.519714
 0.0739188 0.0395124 0.192316 0.00344187 0.000872116 0.00402516 0.0198573 0.265282 0.241927
 0.29295 0.054185 0.0304767 0.0889882 0.00230821 0.00311055 0.0446287 0.168443 0.357798
 0.223534 0.11588 0.0269357 0.0131136 0.0465566 0.00105054 0.0250424 0.227411 0.259435
 0.272292 0.105 0.0679682 0.0117462 0.0300551 0.000425896 0.0128033 0.213947 0.40902
 0.178869 0.0989026 0.0522573 0.021877 0.0118982 0.000658261 0.00908099 0.13903 0.362514
 0.204776 0.161607 0.0748532 0.0208828 0.0265968 0.000481196 0.016509 0.117227 0.273438
 0.337071 0.13669 0.0646473 0.033427 0.0205103 0.028168 0.0156413 0.17409 0.290424
 0.170263 0.199608 0.0619823 0.031083 0.0287399 0.000940679 0.284204 0.0423606 0.26647
 0.188396 0.0673799 0.0945362 0.0282923 0.0274206 0.000687147 0.00566465 0.660627 0.0651917
 0.133152 0.0599287 0.0307973 0.0234434 0.0205075 0.000134106 0.00659893 0.0350344 0.774478
 0.0342949 0.0761052 0.0292606 0.0270485 0.0170453 0.000454008 0.00149147 0.0657407 0.0801159
 0.725422 0.0522477 0.0453264 0.0142517 0.01495 0.000859126 0.00646849 0.0194454 0.17164
 0.186705 0.518946 0.0285648 0.0336779 0.0336928 0.00131383 0.0215723 0.0750958 0.0587671
 0.148746 0.0827761 0.534214 0.0266343 0.0508803 0.00399335 0.0188892 0.130766 0.124461
 0.0769511 0.170112 0.0703136 0.344344 0.0601704 0.0125753 0.0395431 0.166208 0.289867
 0.107103 0.051868 0.103007 0.0361553 0.193673 0.00213595 0.140649 0.19541 0.213362
 0.207196 0.0630449 0.0214088 0.0495013 0.107292 0.000321892 0.0122669 0.397696 0.275665
 0.114649 0.104838 0.0308015 0.0101103 0.0536519 0.000663059 0.00358057 0.0501717 0.743742
 0.103371 0.0371872 0.0275996 0.00878503 0.0248994 0.00287434 0.00968091 0.0588439 0.0991826
 0.648075 0.0735045 0.0366334 0.0388578 0.0323471 0.000414709 0.0419154 0.172028 0.0871515
 0.127846 0.444496 0.0506988 0.031903 0.0435465 0.000498465 0.00230322 0.320033 0.178493
 0.0365109 0.0672816 0.317437 0.0465343 0.0309088 0.000293471 0.00855435 0.0362092 0.547187
 0.133418 0.0448862 0.0374992 0.14015 0.0518038 0.00132896 0.00295001 0.0914698 0.0740128
 0.603963 0.096264 0.0197349 0.0194909 0.0907855 0.00750714 0.036681 0.0481612 0.223536
 0.0760318 0.434239 0.0863663 0.0156023 0.0718751 0.00262805 0.0683341 0.106478 0.0746954
 0.185611 0.125784 0.321382 0.0476058 0.0674813 0.000145093 0.0243997 0.432854 0.184263
 0.0479328 0.109946 0.0307441 0.123825 0.04589 0.000796041 0.00210742 0.121283 0.523886
 0.150347 0.0339197 0.0522543 0.0274409 0.0879649 8.46281e-05 0.00969366 0.0261139 0.324767
 0.483073 0.06724 0.0233601 0.0302712 0.0353975 0.00124615 0.00202365 0.109665 0.0935206
 0.351757 0.303219 0.0552757 0.0135905 0.0697015 0.00369944 0.0168921 0.0302442 0.19909
 0.0463436 0.341389 0.26913 0.0330506 0.060161 0.000670885 0.0620316 0.140449 0.05851
 0.21685 0.0580761 0.232868 0.177284 0.0532606 0.00405376 0.00826631 0.39589 0.200068
 0.0296763 0.0999979 0.0364463 0.091452 0.134149 0.000829134 0.0523416 0.0526954 0.458632
 0.247245 0.0277504 0.0688611 0.0172201 0.0744248 0.00294163 0.0121749 0.278409 0.105408
 0.422431 0.0759613 0.017807 0.0405148 0.0443526 0.00145822 0.0334592 0.13726 0.341733
 0.106028 0.268537 0.0429485 0.0116384 0.0569375 0.00790272 0.0273047 0.218723 0.142215
 0.359236 0.0341627 0.152057 0.0283954 0.0300032 0.00390471 0.0945232 0.130498 0.317057
 0.0948679 0.240154 0.0331849 0.0551232 0.0306869 0.00410942 0.0175234 0.410955 0.121677
 0.21231 0.0634316 0.0997835 0.00948679 0.0607242 0.00127309 0.0488448 0.0897297 0.607214
 0.0875085 0.0737276 0.0215891 0.0479357 0.022178 0.00398029 0.00846172 0.153682 0.169972
 0.520522 0.0602385 0.0493261 0.0147714 0.0190462 0.00144518 0.0442093 0.0743262 0.468158
 0.166515 0.185518 0.0244693 0.0226437 0.0127156 0.00236728 0.0117481 0.299853 0.140373
 0.304987 0.0654813 0.131584 0.0181187 0.0254875 0.000570034 0.0343094 0.0516178 0.554349
# predPropAge
 0.0944583 0.0242801 0.0571252 0.0497082 0.0704716 0.0254143 0.0303092 0.411506 0.236728
 0.00273405 0.33062 0.0338167 0.0566904 0.0417898 0.0540557 0.0184687 0.0213095 0.440515
 0.00242521 0.01013 0.48731 0.0355147 0.0504368 0.033923 0.0415715 0.0137414 0.324948
 0.00221339 0.00991863 0.0164889 0.565182 0.0348941 0.0452145 0.0288107 0.0341583 0.26312
 0.00225524 0.00977073 0.0174225 0.0206372 0.599252 0.0337566 0.0414395 0.0255465 0.24992
 0.00237924 0.0104581 0.0180307 0.0229086 0.0229879 0.609036 0.0325029 0.0386028 0.243094
 0.00287555 0.0113661 0.019867 0.0244057 0.0262686 0.0240505 0.603668 0.0311687 0.256329
 0.00331793 0.0139403 0.0219205 0.0273006 0.0284114 0.0279012 0.0242014 0.5877 0.265306
 0.00371136 0.0161675 0.0270297 0.0302845 0.0319524 0.0303395 0.0282274 0.023688 0.8086
 0.00448759 0.0182944 0.0316976 0.0377594 0.0358398 0.0345012 0.0310363 0.0279366 0.778447
 0.00496748 0.0218673 0.035475 0.0437956 0.0441968 0.0382751 0.0349072 0.0303803 0.746135
 0.0061963 0.0239428 0.0419049 0.0484386 0.0506596 0.0466452 0.0382704 0.0337678 0.710174
 0.00688199 0.0294436 0.0452656 0.0564494 0.0552773 0.0527476 0.0460127 0.0365237 0.671398
 0.00902664 0.0322447 0.054815 0.0600451 0.063435 0.0566764 0.0512375 0.0432419 0.629278
 0.0121457 0.0414294 0.0587793 0.0711978 0.0660703 0.0636859 0.0539072 0.0471491 0.585635
 0.0141579 0.0541667 0.0734495 0.0742516 0.076192 0.064511 0.0589116 0.0482443 0.536115
 0.018091 0.0612311 0.0930374 0.0898908 0.0769827 0.0720745 0.0578145 0.0510793 0.479799
 0.0190407 0.0755981 0.101741 0.11015 0.0901576 0.0704475 0.0624862 0.0484932 0.421886
 0.0177653 0.0776348 0.122652 0.117615 0.107872 0.080559 0.0596359 0.0511761 0.36509
 0.0160217 0.0718261 0.124925 0.140627 0.11424 0.0955986 0.0676372 0.0484418 0.320682
 0.0146021 0.0650626 0.116087 0.143864 0.137193 0.101687 0.0806175 0.0551829 0.285704
 0.0138663 0.0599074 0.106215 0.135032 0.141765 0.123349 0.086616 0.0664359 0.266813
 0.0143027 0.057458 0.0987268 0.124722 0.134324 0.128668 0.106064 0.0720563 0.263678
 0.0147038 0.0595522 0.09515 0.116492 0.12467 0.122507 0.111175 0.0886635 0.267086
 0.0168467 0.0611904 0.0984863 0.112121 0.116288 0.11355 0.10571 0.0928118 0.282996
 0.0185461 0.0694655 0.100287 0.115011 0.110921 0.104965 0.0971022 0.0874578 0.296244
 0.0215879 0.0753359 0.112095 0.115309 0.112026 0.0985773 0.0883771 0.0790978 0.297593
 0.0240699 0.0858306 0.119004 0.126167 0.109947 0.0974596 0.081248 0.070472 0.285802
 0.0276954 0.0934158 0.132287 0.130688 0.117377 0.0933268 0.0783748 0.0632129 0.263623
 0.0230639 0.105245 0.141286 0.142559 0.11931 0.0977703 0.0736482 0.0598375 0.23728
 0.0200345 0.0878486 0.159535 0.1526 0.13044 0.099604 0.0773283 0.0563553 0.216255
 0.0186384 0.0774915 0.135178 0.174916 0.141739 0.110543 0.0799701 0.0600662 0.201458
 0.0180887 0.0732607 0.121149 0.150583 0.165066 0.12204 0.0901732 0.0631123 0.196526
 0.0170472 0.071977 0.115978 0.136655 0.143894 0.143916 0.100806 0.072061 0.197665
 0.0162982 0.0685377 0.115127 0.132178 0.131939 0.126758 0.120108 0.0813932 0.207661
 0.0152501 0.0661268 0.110652 0.132437 0.128811 0.117314 0.106778 0.0978861 0.224745
 0.0142102 0.0624625 0.107785 0.128511 0.130302 0.115633 0.099772 0.087858 0.253466
 0.0133828 0.0587923 0.102842 0.126448 0.127719 0.118155 0.0993368 0.0829238 0.270401
 0.012775 0.0558911 0.0977086 0.121782 0.126849 0.1169 0.102457 0.0833378 0.282299
 0.0131029 0.053772 0.0935766 0.116562 0.123075 0.116966 0.102122 0.0865934 0.29423
 0.0135676 0.0553462 0.0903397 0.112019 0.118207 0.113878 0.102532 0.0866081 0.307503
 0.0138888 0.0572922 0.0929638 0.10812 0.113574 0.109349 0.0998033 0.0869366 0.318072
 0.0137799 0.0585268 0.0960516 0.111051 0.109415 0.104866 0.095654 0.0844643 0.326191
 0.0139276 0.0579819 0.0979641 0.114556 0.112201 0.100864 0.0915852 0.0808228 0.330097
 0.0142663 0.058514 0.0968934 0.116646 0.115553 0.103264 0.087946 0.0772584 0.329659
 0.0143391 0.0598075 0.0975822 0.115135 0.11742 0.10613 0.0898536 0.0740364 0.325696
 0.0138083 0.0600215 0.099616 0.11581 0.115755 0.107712 0.0922338 0.0755488 0.319495
 0.0132458 0.0578651 0.100091 0.118363 0.116572 0.10631 0.093719 0.0776419 0.316192
 0.0133173 0.055685 0.0967742 0.119272 0.119487 0.10737 0.0927676 0.0791205 0.316206
 0.0135407 0.0561097 0.093328 0.115567 0.120663 0.110292 0.0938935 0.0784854 0.318121
 0.0135351 0.0570808 0.0940996 0.111523 0.116989 0.111448 0.0965096 0.0794885 0.319327
 0.0133086 0.0570606 0.0957448 0.112464 0.112915 0.108073 0.097538 0.0817174 0.321178
 0.0128041 0.0561595 0.0958178 0.114558 0.113995 0.104426 0.0946905 0.0826803 0.324869
 0.0122337 0.0541841 0.0945788 0.114979 0.116455 0.105731 0.0917604 0.0805 0.329578
 0.0117469 0.0520011 0.0916587 0.113998 0.117404 0.108494 0.0933218 0.0783567 0.333019
 0.0113783 0.0501875 0.0884143 0.111041 0.116995 0.109936 0.0962488 0.0800962 0.335702
 0.0110303 0.0488551 0.0857579 0.107647 0.114532 0.110102 0.0980157 0.083022 0.341038
 0.0106177 0.0475856 0.0838841 0.104917 0.111567 0.108304 0.0986377 0.0849541 0.349534
 0.010253 0.0460254 0.0820968 0.103117 0.109259 0.106007 0.0974925 0.0859038 0.359846
 0.00994581 0.044653 0.0797774 0.101393 0.107889 0.104301 0.0958722 0.0853046 0.370865
 0.00968828 0.0435048 0.0777378 0.0989608 0.10655 0.103444 0.094743 0.0842546 0.381117
 0.00947287 0.042545 0.0760368 0.0968099 0.104403 0.102562 0.0943342 0.0835896 0.390247
 0.00929266 0.041742 0.0746147 0.095017 0.102485 0.100841 0.0938517 0.083515 0.398642
 0.00914178 0.0410694 0.0734237 0.0935167 0.100885 0.0992817 0.09255 0.0833344 0.406797
 0.00909214 0.0405045 0.072419 0.0922511 0.0995372 0.0979735 0.0913442 0.0823815 0.414497
# obsPropAgeS
 0.0848486 0.143693 0.0451843 0.0667599 0.0186678 0 0 0 0
 -1 -1 -1 -1 -1 -1 -1 -1 -1
 -1 -1 -1 -1 -1 -1 -1 -1 -1
 -1 -1 -1 -1 -1 -1 -1 -1 -1
 -1 -1 -1 -1 -1 -1 -1 -1 -1
 -1 -1 -1 -1 -1 -1 -1 -1 -1
 -1 -1 -1 -1 -1 -1 -1 -1 -1
 -1 -1 -1 -1 -1 -1 -1 -1 -1
 -1 -1 -1 -1 -1 -1 -1 -1 -1
 -1 -1 -1 -1 -1 -1 -1 -1 -1
 -1 -1 -1 -1 -1 -1 -1 -1 -1
 -1 -1 -1 -1 -1 -1 -1 -1 -1
 -1 -1 -1 -1 -1 -1 -1 -1 -1
 -1 -1 -1 -1 -1 -1 -1 -1 -1
 -1 -1 -1 -1 -1 -1 -1 -1 -1
 -1 -1 -1 -1 -1 -1 -1 -1 -1
 -1 -1 -1 -1 -1 -1 -1 -1 -1
 -1 -1 -1 -1 -1 -1 -1 -1 -1
 -1 -1 -1 -1 -1 -1 -1 -1 -1
 -1 -1 -1 -1 -1 -1 -1 -1 -1
 -1 -1 -1 -1 -1 -1 -1 -1 -1
 -1 -1 -1 -1 -1 -1 -1 -1 -1
 -1 -1 -1 -1 -1 -1 -1 -1 -1
 -1 -1 -1 -1 -1 -1 -1 -1 -1
 -1 -1 -1 -1 -1 -1 -1 -1 -1
 -1 -1 -1 -1 -1 -1 -1 -1 -1
 -1 -1 -1 -1 -1 -1 -1 -1 -1
 -1 -1 -1 -1 -1 -1 -1 -1 -1
 -1 -1 -1 -1 -1 -1 -1 -1 -1
 -1 -1 -1 -1 -1 -1 -1 -1 -1
 -1 -1 -1 -1 -1 -1 -1 -1 -1
 -1 -1 -1 -1 -1 -1 -1 -1 -1
 -1 -1 -1 -1 -1 -1 -1 -1 -1
 -1 -1 -1 -1 -1 -1 -1 -1 -1
 -1 -1 -1 -1 -1 -1 -1 -1 -1
 -1 -1 -1 -1 -1 -1 -1 -1 -1
 -1 -1 -1 -1 -1 -1 -1 -1 -1
 -1 -1 -1 -1 -1 -1 -1 -1 -1
 -1 -1 -1 -1 -1 -1 -1 -1 -1
 -1 -1 -1 -1 -1 -1 -1 -1 -1
 -1 -1 -1 -1 -1 -1 -1 -1 -1
 -1 -1 -1 -1 -1 -1 -1 -1 -1
 -1 -1 -1 -1 -1 -1 -1 -1 -1
 -1 -1 -1 -1 -1 -1 -1 -1 -1
 -1 -1 -1 -1 -1 -1 -1 -1 -1
 -1 -1 -1 -1 -1 -1 -1 -1 -1
 -1 -1 -1 -1 -1 -1 -1 -1 -1
 -1 -1 -1 -1 -1 -1 -1 -1 -1
 -1 -1 -1 -1 -1 -1 -1 -1 -1
 -1 -1 -1 -1 -1 -1 -1 -1 -1
 -1 -1 -1 -1 -1 -1 -1 -1 -1
 -1 -1 -1 -1 -1 -1 -1 -1 -1
 -1 -1 -1 -1 -1 -1 -1 -1 -1
 -1 -1 -1 -1 -1 -1 -1 -1 -1
 -1 -1 -1 -1 -1 -1 -1 -1 -1
 -1 -1 -1 -1 -1 -1 -1 -1 -1
 -1 -1 -1 -1 -1 -1 -1 -1 -1
 -1 -1 -1 -1 -1 -1 -1 -1 -1
 -1 -1 -1 -1 -1 -1 -1 -1 -1
 -1 -1 -1 -1 -1 -1 -1 -1 -1
 -1 -1 -1 -1 -1 -1 -1 -1 -1
 -1 -1 -1 -1 -1 -1 -1 -1 -1
 -1 -1 -1 -1 -1 -1 -1 -1 -1
 -1 -1 -1 -1 -1 -1 -1 -1 -1
 -1 -1 -1 -1 -1 -1 -1 -1 -1
# predPropAgeS
 0.0801355 0.0210891 0.0511174 0.0458209 0.0669122 0.0248533 0.030525 0.426764 0.252783
 0.0023774 0.294339 0.0310157 0.0535619 0.0406699 0.0541826 0.0190646 0.0226515 0.482138
 0.00213471 0.00912893 0.452428 0.0339662 0.049687 0.0344195 0.043439 0.0147858 0.360011
 0.00193787 0.00889083 0.015227 0.537659 0.0341922 0.0456318 0.0299446 0.0365587 0.289958
 0.00194813 0.00864123 0.0158742 0.0193699 0.579351 0.0336129 0.0424947 0.0269764 0.271732
 0.00202227 0.00910078 0.0161648 0.0211568 0.0218679 0.596713 0.0327959 0.0401094 0.260069
 0.00240335 0.00972592 0.017514 0.0221635 0.024572 0.0231709 0.59895 0.0318451 0.269655
 0.00272985 0.0117426 0.0190229 0.0244059 0.026162 0.0264616 0.0236378 0.59109 0.274747
 0.00301089 0.0134285 0.0231291 0.0266952 0.0290116 0.0283722 0.0271849 0.0234918 0.825676
 0.00365329 0.015248 0.0272178 0.0334001 0.0326546 0.0323763 0.0299942 0.0278017 0.797654
 0.00405951 0.018296 0.0305784 0.0388883 0.0404236 0.0360558 0.0338648 0.0303499 0.767484
 0.00508478 0.0201158 0.0362711 0.0431899 0.0465274 0.0441234 0.0372819 0.0338743 0.733531
 0.00567297 0.0248491 0.0393569 0.0505599 0.0509977 0.0501211 0.0450267 0.0368043 0.696611
 0.00747752 0.0273472 0.0478946 0.0540456 0.0588123 0.0541198 0.0503867 0.0437888 0.656127
 0.0101211 0.0353458 0.0516638 0.064465 0.0616197 0.0611746 0.0533272 0.0480293 0.614253
 0.0118863 0.046559 0.0650419 0.0677338 0.071592 0.0624316 0.0587145 0.0495132 0.566528
 0.0153209 0.0530903 0.0831062 0.0827154 0.0729659 0.0703597 0.0581236 0.0528801 0.511438
 0.0162738 0.0661515 0.0917188 0.102292 0.0862412 0.0694054 0.0633995 0.0506656 0.453853
 0.0153032 0.0684681 0.11144 0.110083 0.103998 0.0799917 0.0609835 0.0538894 0.395843
 0.0138677 0.0636504 0.114052 0.132256 0.110668 0.0953826 0.0694988 0.0512558 0.349369
 0.0126589 0.0577477 0.10615 0.135513 0.133113 0.101617 0.0829669 0.0584805 0.311753
 0.0120089 0.0531184 0.097025 0.127066 0.13741 0.12314 0.0890504 0.070335 0.290846
 0.0123586 0.0508303 0.0899788 0.117096 0.129901 0.128157 0.108796 0.076111 0.286772
 0.0126769 0.0525657 0.0865258 0.109126 0.120296 0.121749 0.113785 0.0934442 0.289832
 0.0145057 0.0539423 0.0894446 0.104897 0.112064 0.112702 0.108053 0.0976906 0.306702
 0.0159796 0.0612783 0.0911416 0.107673 0.106963 0.104251 0.0993206 0.092117 0.321276
 0.0186515 0.0666391 0.102152 0.108248 0.108325 0.0981755 0.0906441 0.0835402 0.323625
 0.0208889 0.0762618 0.108933 0.11897 0.106791 0.0974964 0.0837048 0.0747628 0.312192
 0.0241682 0.0834603 0.121761 0.123915 0.114637 0.0938782 0.0811911 0.0674325 0.289557
 0.0202278 0.094502 0.130699 0.135851 0.117111 0.0988429 0.0766787 0.064153 0.261934
 0.017609 0.0790522 0.1479 0.145734 0.128314 0.100915 0.0806846 0.0605505 0.239241
 0.0163695 0.0696795 0.125225 0.16692 0.139323 0.111913 0.0833779 0.0644889 0.222703
 0.0158467 0.0657095 0.111947 0.143338 0.161845 0.123242 0.0937793 0.0675887 0.216704
 0.0148877 0.0643567 0.106834 0.129674 0.140645 0.14488 0.10451 0.0769314 0.217281
 0.0141877 0.0610835 0.105707 0.125021 0.128544 0.127194 0.124119 0.0866135 0.227531
 0.0132349 0.0587559 0.10129 0.124885 0.125115 0.117361 0.110009 0.103848 0.245502
 0.0122981 0.0553451 0.09839 0.120845 0.12621 0.115356 0.102504 0.092949 0.276102
 0.0115546 0.0519697 0.0936556 0.118623 0.123415 0.117593 0.101815 0.0875212 0.293852
 0.0110041 0.0492902 0.0887734 0.11398 0.122289 0.116073 0.104769 0.0877532 0.306068
 0.0112615 0.0473162 0.0848308 0.108853 0.118388 0.115881 0.104194 0.0909792 0.318296
 0.0116416 0.0486208 0.0817609 0.104437 0.113517 0.112635 0.10444 0.0908441 0.332104
 0.011908 0.0502912 0.0840705 0.100723 0.108983 0.108072 0.101581 0.0911179 0.343252
 0.0118142 0.051373 0.0868595 0.10345 0.104988 0.103637 0.0973545 0.0885231 0.352
 0.0119454 0.0509141 0.0886228 0.106756 0.107703 0.0997198 0.0932489 0.0847391 0.356351
 0.0122431 0.0514116 0.0877058 0.108767 0.110986 0.102152 0.0895963 0.0810496 0.356088
 0.0123139 0.0525836 0.0883889 0.107431 0.112855 0.105059 0.0916016 0.0777219 0.352046
 0.0118641 0.0527992 0.090278 0.108117 0.111313 0.10668 0.094077 0.0793509 0.345522
 0.0113812 0.0509037 0.0907107 0.110504 0.112101 0.105295 0.0955944 0.0815515 0.341959
 0.0114376 0.0489644 0.0876667 0.111303 0.114854 0.106298 0.0945826 0.0830683 0.341825
 0.011623 0.0493102 0.0844975 0.107786 0.11592 0.109129 0.095677 0.0823553 0.343702
 0.0116134 0.0501431 0.0851611 0.103971 0.112344 0.110228 0.0983024 0.0833737 0.344864
 0.0114157 0.0501109 0.0866249 0.104818 0.1084 0.106859 0.0993211 0.0856867 0.346763
 0.0109795 0.0493038 0.0866634 0.106736 0.109402 0.10322 0.0963908 0.0866688 0.350636
 0.010485 0.0475451 0.0854989 0.107073 0.111706 0.104457 0.0933602 0.0843399 0.355535
 0.0100596 0.0455927 0.0827921 0.106074 0.112525 0.1071 0.0948721 0.0820281 0.358957
 0.00973298 0.0439527 0.0797712 0.103206 0.112007 0.1084 0.097737 0.0837542 0.36144
 0.00942218 0.0427266 0.0772672 0.0999123 0.109496 0.108413 0.0993933 0.0866933 0.366676
 0.00905628 0.0415544 0.0754663 0.097233 0.106502 0.106484 0.0998749 0.0885787 0.37525
 0.0087322 0.0401321 0.0737485 0.095423 0.104144 0.10407 0.0985685 0.0894355 0.385746
 0.00845843 0.0388797 0.0715624 0.0936937 0.102691 0.102249 0.0967917 0.0886847 0.39699
 0.00822845 0.0378296 0.0696401 0.0913241 0.101282 0.101274 0.0955244 0.0874766 0.407421
 0.00803564 0.0369496 0.0680328 0.0892297 0.0991191 0.100288 0.0949957 0.0866798 0.41667
 0.00787395 0.0362117 0.0666857 0.0874792 0.0971891 0.098494 0.094404 0.0865055 0.425157
 0.00773832 0.0355925 0.0655554 0.0860115 0.0955763 0.0968741 0.0930012 0.0862318 0.433419
 0.0076897 0.0350727 0.0646028 0.0847746 0.0942183 0.0955154 0.0917107 0.0851725 0.441243
# biomass
 52.2695 13.3509 31.4114 27.333 38.7501 13.9745 16.6661 226.274 130.169
 1.8794 225.836 23.0991 38.7234 28.5453 36.9237 12.6154 14.5558 300.902
 1.87882 7.79824 375.139 27.3398 38.8271 26.1145 32.0024 10.5784 250.15
 1.88188 8.3799 13.9308 477.501 29.4808 38.2 24.3411 28.8591 222.3
 1.88734 8.12525 14.4884 17.1617 498.331 28.0716 34.4606 21.2442 207.831
 1.88801 8.24655 14.2177 18.064 18.1266 480.241 25.6294 30.4394 191.686
 1.88746 7.41344 12.9581 15.9184 17.1335 15.6867 393.737 20.3295 167.188
 1.88487 7.86933 12.3741 15.4112 16.0383 15.7503 13.6617 331.758 149.766
 1.88249 8.1488 13.6235 15.264 16.1047 15.2918 14.2272 11.9393 407.552
 1.88031 7.61704 13.1975 15.7214 14.9222 14.3649 12.9222 11.6316 324.112
 1.87608 8.20661 13.3134 16.4361 16.5866 14.3643 13.1003 11.4014 280.017
 1.87332 7.19297 12.5892 14.552 15.2193 14.0132 11.4973 10.1446 213.352
 1.86656 7.93546 12.1997 15.2138 14.898 14.2162 12.401 9.84362 180.951
 1.86247 6.61108 11.2386 12.3109 13.006 11.6203 10.5051 8.86581 129.02
 1.85044 6.2721 8.89873 10.7788 10.0025 9.64154 8.16113 7.138 88.6606
 1.83243 6.96649 9.44648 9.54964 9.79919 8.29688 7.57673 6.20479 68.9508
 1.81897 6.11768 9.29548 8.9811 7.69144 7.20105 5.77632 5.1034 47.9372
 1.79419 7.07863 9.52651 10.3138 8.44188 6.59633 5.85088 4.54065 39.5032
 1.78463 7.74969 12.2434 11.7406 10.768 8.04157 5.95298 5.10851 36.444
 1.78951 7.97188 13.8653 15.608 12.6793 10.6103 7.50695 5.37648 35.592
 1.80031 7.97106 14.2222 17.6252 16.808 12.458 9.87672 6.76064 35.0026
 1.8105 7.77266 13.7808 17.5197 18.3932 16.0038 11.2379 8.61968 34.6175
 1.81648 7.25127 12.4594 15.74 16.9519 16.238 13.3854 9.09358 33.2765
 1.81501 7.30465 11.671 14.2888 15.292 15.0266 13.6366 10.8754 32.7606
 1.81279 6.54286 10.5308 11.9887 12.4342 12.1415 11.3032 9.924 30.2596
 1.8001 6.69988 9.67261 11.0927 10.6982 10.1238 9.3654 8.43521 28.5724
 1.78856 6.20221 9.22846 9.4931 9.2228 8.1156 7.27584 6.51191 24.5
 1.76846 6.26636 8.68824 9.21122 8.02707 7.11535 5.93178 5.14504 20.8659
 1.74995 5.8653 8.30588 8.20548 7.36971 5.8597 4.92091 3.96894 16.5521
 1.72386 7.81667 10.4934 10.588 8.86126 7.2615 5.46993 4.44419 17.6231
 1.74644 7.60959 13.8191 13.2184 11.2989 8.62785 6.69829 4.88158 18.7323
 1.76782 7.30359 12.7406 16.4858 13.3589 10.4187 7.53718 5.66124 18.9874
 1.78106 7.16796 11.8535 14.7333 16.1504 11.9406 8.82269 6.17501 19.2284
 1.78729 7.49874 12.0828 14.2371 14.9912 14.9935 10.5022 7.50748 20.5932
 1.79469 7.49948 12.5973 14.4631 14.4369 13.8699 13.1423 8.90612 22.7225
 1.80007 7.75618 12.9786 15.5338 15.1085 13.76 12.5242 11.4813 26.3608
 1.80708 7.89313 13.6203 16.2394 16.4657 14.612 12.6078 11.1022 32.0294
 1.8141 7.91928 13.8527 17.0324 17.2036 15.9153 13.3806 11.1698 36.4227
 1.81987 7.9118 13.8313 17.2392 17.9563 16.5481 14.5035 11.797 39.9614
 1.8242 7.43899 12.9457 16.1256 17.0266 16.1813 14.1278 11.9796 40.7046
 1.82294 7.38943 12.0615 14.9559 15.7821 15.2042 13.6893 11.5633 41.0556
 1.82035 7.46167 12.1075 14.0814 14.7917 14.2415 12.9982 11.3225 41.4253
 1.81815 7.67346 12.5933 14.56 14.3454 13.749 12.5412 11.0741 42.7668
 1.81838 7.52231 12.7094 14.8619 14.5565 13.0856 11.8818 10.4856 42.8252
 1.81743 7.40724 12.2656 14.7661 14.6277 13.072 11.133 9.78006 41.7312
 1.81542 7.52422 12.2765 14.4847 14.7723 13.3519 11.3042 9.31429 40.9749
 1.81477 7.83866 13.0096 15.1244 15.1173 14.0668 12.0455 9.86647 41.7252
 1.81767 7.89049 13.6483 16.14 15.8957 14.4965 12.7795 10.5872 43.1158
 1.82116 7.56701 13.1506 16.2078 16.237 14.5905 12.6061 10.7516 42.969
 1.82124 7.49922 12.4735 15.4458 16.1269 14.7408 12.5491 10.4898 42.5176
 1.82016 7.62761 12.5743 14.9025 15.6331 14.8925 12.8964 10.6219 42.671
 1.82008 7.75437 13.0114 15.2835 15.3447 14.6868 13.2551 11.1051 43.6471
 1.82128 7.93785 13.5433 16.1921 16.1125 14.76 13.384 11.6864 45.9184
 1.82427 8.02888 14.0145 17.0373 17.256 15.667 13.5968 11.9283 48.836
 1.82787 8.0406 14.1726 17.6267 18.1533 16.7758 14.4297 12.1158 51.4924
 1.8311 8.02568 14.1387 17.757 18.7092 17.5802 15.3915 12.8085 53.6834
 1.83363 8.07024 14.1661 17.7819 18.9192 18.1874 16.1909 13.7142 56.3351
 1.83593 8.17623 14.413 18.0269 19.1695 18.6088 16.948 14.5969 60.0572
 1.83854 8.20104 14.6284 18.3739 19.4683 18.8887 17.3717 15.3067 64.119
 1.84087 8.21267 14.6728 18.6485 19.8431 19.1832 17.633 15.6894 68.2101
 1.84286 8.22308 14.6936 18.7051 20.1396 19.5524 17.9078 15.9254 72.0367
 1.84453 8.23197 14.7122 18.7316 20.2007 19.8446 18.2526 16.1736 75.5081
 1.84592 8.23942 14.7281 18.7553 20.2293 19.9048 18.5253 16.4849 78.6875
 1.84707 8.24563 14.7415 18.7756 20.255 19.933 18.5815 16.7313 81.6737
 1.84803 8.18087 14.6267 18.6323 20.1039 19.7881 18.4491 16.6389 83.7175
# numbers
 7809.62 380.744 426.892 248.442 278.071 86.772 94.5161 1211.42 671.65
 280.802 6440.44 313.924 351.974 204.841 229.27 71.5438 77.9289 1552.6
 280.716 222.392 5098.27 248.503 278.623 162.153 181.491 56.6342 1290.73
 281.174 238.98 189.325 4340.22 211.554 237.195 138.043 154.506 1147.03
 281.988 231.717 196.902 155.99 3576.03 174.305 195.432 113.737 1072.37
 282.089 235.177 193.224 164.192 130.076 2981.96 145.349 162.966 989.066
 282.007 211.418 176.105 144.689 122.95 97.4035 2232.95 108.84 862.662
 281.62 224.419 168.169 140.079 115.091 97.7983 77.4779 1776.16 772.764
 281.264 232.389 185.149 138.742 115.567 94.9514 80.6849 63.9203 2102.9
 280.938 217.224 179.359 142.899 107.082 89.1957 73.2841 62.2731 1672.36
 280.307 234.038 180.934 149.395 119.025 89.192 74.2942 61.0408 1444.84
 279.895 205.13 171.091 132.27 109.213 87.0124 65.2029 54.312 1100.86
 278.885 226.305 165.798 138.285 106.908 88.2724 70.3283 52.7006 933.673
 278.273 188.536 152.737 111.9 93.3309 72.1538 59.5764 47.4656 665.719
 276.475 178.869 120.937 97.9731 71.7781 59.8672 46.2831 38.2153 457.473
 273.785 198.672 128.381 86.8008 70.319 51.5178 42.9689 33.2191 355.774
 271.774 174.465 126.329 81.6331 55.1937 44.7135 32.7584 27.3225 247.348
 268.071 201.87 129.469 93.7471 60.5789 40.9586 33.1813 24.3096 203.829
 266.643 221.007 166.392 106.715 77.2715 49.9325 33.7603 27.3499 188.045
 267.373 227.344 188.434 141.868 90.9868 65.8827 42.5731 28.7845 183.648
 268.986 227.32 193.284 160.203 120.614 77.3556 56.0125 36.195 180.607
 270.509 221.662 187.286 159.244 131.989 99.3723 63.7322 46.1479 178.62
 271.402 206.793 169.328 143.068 121.647 100.827 75.9106 48.6851 171.701
 271.182 208.315 158.613 129.877 109.735 93.3048 77.3356 58.2245 169.039
 270.85 186.591 143.117 108.97 89.2279 75.39 64.1021 53.131 156.134
 268.955 191.068 131.454 100.826 76.7702 62.8615 53.1127 45.1603 147.428
 267.23 176.876 125.418 86.287 66.1828 50.3922 41.2625 34.8633 126.416
 264.226 178.705 118.076 83.7248 57.6022 44.1814 33.6401 27.5454 107.664
 261.461 167.268 112.88 74.5832 52.885 36.3846 27.9073 21.2489 85.4057
 257.563 222.917 142.61 96.2394 63.5884 45.0888 31.0209 23.7933 90.9319
 260.936 217.012 187.807 120.148 81.0812 53.5729 37.9871 26.1349 96.6554
 264.132 208.285 173.149 149.847 95.8633 64.6929 42.7446 30.3091 97.9716
 266.11 204.417 161.093 133.917 115.895 74.1429 50.035 33.0597 99.2153
 267.04 213.851 164.21 129.407 107.577 93.0992 59.5595 40.1934 106.257
 268.146 213.872 171.202 131.461 103.599 86.1226 74.5323 47.6815 117.244
 268.95 221.192 176.384 141.194 108.419 85.4401 71.0269 61.4682 136.017
 269.997 225.098 185.105 147.607 118.158 90.7303 71.5007 59.439 165.266
 271.046 225.844 188.263 154.815 123.453 98.823 75.8834 59.8005 187.935
 271.908 225.63 187.973 156.694 128.855 102.752 82.2518 63.1588 206.193
 272.555 212.147 175.936 146.572 122.183 100.475 80.1211 64.1361 210.028
 272.368 210.733 163.92 135.941 113.252 94.4074 77.6341 61.9074 211.839
 271.979 212.793 164.545 127.992 106.145 88.4298 73.7152 60.6183 213.747
 271.651 218.833 171.148 132.342 102.943 85.3717 71.1232 59.2884 220.669
 271.685 214.523 172.725 135.087 104.457 81.2525 67.3838 56.1375 220.97
 271.543 211.241 166.694 134.215 104.969 81.1681 63.137 52.3603 215.326
 271.243 214.577 166.842 131.658 106.006 82.9061 64.1081 49.8667 211.423
 271.146 223.544 176.805 137.473 108.482 87.3452 68.3119 52.8229 215.294
 271.579 225.023 185.486 146.703 114.068 90.0128 72.4746 56.6818 222.47
 272.101 215.797 178.721 147.319 116.517 90.5966 71.4913 57.5619 221.712
 272.113 213.864 169.519 140.394 115.727 91.5298 71.168 56.1599 219.383
 271.951 217.526 170.89 135.456 112.183 92.4721 73.1376 56.8673 220.175
 271.939 221.141 176.829 138.918 110.114 91.1948 75.1718 59.4544 225.211
 272.119 226.373 184.058 147.177 115.624 91.6491 75.9027 62.5665 236.931
 272.566 228.969 190.461 154.859 123.829 97.281 77.1098 63.8614 251.985
 273.104 229.303 192.61 160.217 130.268 104.166 81.8333 64.8652 265.692
 273.586 228.878 192.149 161.401 134.257 109.161 87.2877 68.5738 276.997
 273.964 230.149 192.522 161.628 135.764 112.931 91.8214 73.4227 290.679
 274.308 233.171 195.878 163.854 137.56 115.548 96.1151 78.1487 309.885
 274.697 233.879 198.805 167.009 139.705 117.286 98.5177 81.949 330.843
 275.045 234.211 199.408 169.504 142.394 119.114 99.9996 83.9975 351.952
 275.343 234.507 199.691 170.018 144.521 121.407 101.558 85.261 371.697
 275.592 234.761 199.944 170.259 144.96 123.221 103.513 86.59 389.608
 275.8 234.973 200.16 170.475 145.166 123.595 105.06 88.2568 406.013
 275.972 235.15 200.342 170.659 145.35 123.77 105.379 89.5755 421.422
 276.116 233.304 198.783 169.357 144.266 122.87 104.628 89.0811 431.967
