    unsorted:	 3949.299978 3949.283766 3949.170786 3949.107895 3949.657154 3949.728086 3950.022634 3950.109871 3950.465712 3950.719943 3951.037795 3951.203675 3951.338981 3948.407317 3948.132661 3951.804171 3951.959167 3952.303990 3952.432349 3947.622426 3947.333546 3947.181904 3946.937977 3952.733612 3946.692219 3953.180573 3953.454931 3946.175954 3945.807700 3945.648045 3953.903706 3945.060446 3954.484616 3944.518085 3944.017238 3955.267404 3956.226349 3942.425529 3957.078635 3958.324828 3940.522732 3960.165768 3939.098237 3961.767102 3966.066091 3968.651144 3972.911234 3974.239948 3984.663924 3994.410233 4013.213407 4028.334977 4061.357266 32.20506744 32.20506744 590.2470226 588.2572184 592.8503933 601.4109607 614.4892540 615.7583361 612.1350185 566.2655787 558.3628112 556.0174116 550.3972361 545.0349756 642.2471652 658.0650678 661.2873799 670.3447332 678.8370025 689.0386210 515.5605017 524.9387017 503.3452568 508.3350977 500.7454794 488.2393450 476.2574955 706.4680724 712.1109147 722.8373800 466.3318752 458.7896787 743.2659875 752.6935231 445.0377222 432.1435442 415.9213021 819.6864928 808.7275703 839.9000934 845.9825321 847.6090231 859.9267887 869.5095454 389.7089283 887.5776686 372.9656352 356.1433584 326.9558439 917.7798082 279.8302148 268.5333268 972.5583170 227.5613712 196.9552693 202.2962549 183.1642815 173.2232664 31.71174461 14.99347652 18.00331996 16.10508009 8.580468072 39.64079434 47.62345751 56.21213062 68.99550854 73.20837548 1066.167621 1123.126833 1290.729548 1368.939632 1400.987665 1586.244971 4176.354547 1832.013645 4260.999993 2102.191008 2338.145813 4451.913927 4659.527200 5191.843382 6172.918104 8426.552712 15705.85608 35951.26785 76655.87335 143793.7602 907641.7253
      sorted:	 8.580468072 14.99347652 16.10508009 18.00331996 31.71174461 32.20506744 32.20506744 39.64079434 47.62345751 56.21213062 68.99550854 73.20837548 173.2232664 183.1642815 196.9552693 202.2962549 227.5613712 268.5333268 279.8302148 326.9558439 356.1433584 372.9656352 389.7089283 415.9213021 432.1435442 445.0377222 458.7896787 466.3318752 476.2574955 488.2393450 500.7454794 503.3452568 508.3350977 515.5605017 524.9387017 545.0349756 550.3972361 556.0174116 558.3628112 566.2655787 588.2572184 590.2470226 592.8503933 601.4109607 612.1350185 614.4892540 615.7583361 642.2471652 658.0650678 661.2873799 670.3447332 678.8370025 689.0386210 706.4680724 712.1109147 722.8373800 743.2659875 752.6935231 808.7275703 819.6864928 839.9000934 845.9825321 847.6090231 859.9267887 869.5095454 887.5776686 917.7798082 972.5583170 1066.167621 1123.126833 1290.729548 1368.939632 1400.987665 1586.244971 1832.013645 2102.191008 2338.145813 3939.098237 3940.522732 3942.425529 3944.017238 3944.518085 3945.060446 3945.648045 3945.807700 3946.175954 3946.692219 3946.937977 3947.181904 3947.333546 3947.622426 3948.132661 3948.407317 3949.107895 3949.170786 3949.283766 3949.299978 3949.657154 3949.728086 3950.022634 3950.109871 3950.465712 3950.719943 3951.037795 3951.203675 3951.338981 3951.804171 3951.959167 3952.303990 3952.432349 3952.733612 3953.180573 3953.454931 3953.903706 3954.484616 3955.267404 3956.226349 3957.078635 3958.324828 3960.165768 3961.767102 3966.066091 3968.651144 3972.911234 3974.239948 3984.663924 3994.410233 4013.213407 4028.334977 4061.357266 4176.354547 4260.999993 4451.913927 4659.527200 5191.843382 6172.918104 8426.552712 15705.85608 35951.26785 76655.87335 143793.7602 907641.7253
