## assessCA model parameter and state variable estimates
## Model dimensions
# nT
65
# nAges
9

## Parameter estimates
# initN_mult
 24.8754 2.03045 3.76548 18.488 2.44012 30.8107 6.60339 39.2861 38.4649
# logit.ySteepness
1.04914
# rSteepness
0.80047
# rec.a
182.012
# rec.b
0.128638
# R0
1326.74
# B0
116.972
# M
0.5
# aSel50
2
# aSel95
3
# aSelS50
3.2
# aSelS95
4.5
# omega
 0 0 0 0 0 0 0 0 0 0 0 0 0 0 0 0 0 0 0 0 0 0 0 0 0 0 0 0 0 0 0 0 0 0 0 0 0 0 0 0 0 0 0 0 0 0 0 0 0 0 0 0 0 0 0 0 0 0 0 0 0 0
# Rt
 33003.1 1409.45 1407.78 1406.83 1406.89 1404.49 1400.12 1391.19 1379.44 1366.64 1344.46 1333.17 1296.91 1290.03 1227.38 1123.67 1134.1 1104.04 1163.72 1227.35 1265.88 1286.19 1295.49 1293.92 1293.14 1281.49 1276.68 1268.8 1267.91 1266.2 1287.54 1301.08 1305.83 1306.07 1308.31 1309.75 1312.66 1315.72 1317.76 1318.67 1313.83 1308.77 1306.03 1307.09 1306.48 1304.48 1304.46 1308.41 1312.01 1310.65 1308.16 1307.84 1309.39 1312.69 1316 1318.23 1319.35 1320.34 1322.07 1323.53 1324.55 1325.24 1325.71 1326.03 1326.25
# Mt
 0.5 0.5 0.5 0.5 0.5 0.5 0.5 0.5 0.5 0.5 0.5 0.5 0.5 0.5 0.5 0.5 0.5 0.5 0.5 0.5 0.5 0.5 0.5 0.5 0.5 0.5 0.5 0.5 0.5 0.5 0.5 0.5 0.5 0.5 0.5 0.5 0.5 0.5 0.5 0.5 0.5 0.5 0.5 0.5 0.5 0.5 0.5 0.5 0.5 0.5 0.5 0.5 0.5 0.5 0.5 0.5 0.5 0.5 0.5 0.5 0.5 0.5 0.5 0.5 0.5
# kappa
5.36183
# tau
1.69556
# sigmaR
5.08668
# q
1
# q1
1
# q2
1

## Derived variables
# spawnBt
 2005.95 1535.13 1354.58 1364.6 1047.84 735.975 455.875 302.338 220.086 148.365 126.791 85.4423 80.3081 50.8783 29.9925 31.3955 27.6078 36.0137 50.8683 66.0302 77.6775 84.3296 83.136 82.5577 74.6685 71.7997 67.5084 67.0516 66.1897 78.5804 88.8573 93.0597 93.2866 95.407 96.8193 99.7986 103.118 105.45 106.518 101.039 95.8607 93.2482 94.2433 93.6638 91.8284 91.8119 95.5077 99.1196 97.7217 95.2686 94.9525 96.4634 99.8323 103.426 106.002 107.324 108.536 110.708 112.599 113.959 114.894 115.535 115.978 116.285 115.315
# exploitBt
 2201.36 1908.14 1873.88 1510.44 1097.23 776.45 493.928 340.459 258.685 184.754 164.506 118.872 115.44 80.6849 56.6091 59.7122 53.0493 63.7302 81.371 97.9558 111.203 118.917 117.5 117.258 108.15 105.448 100.542 100.24 99.1391 114.044 124.807 128.695 128.892 131.585 133.125 136.463 140.073 142.49 143.558 137.196 131.7 129.14 130.467 129.612 127.472 127.634 131.948 135.774 133.812 131.144 131.062 132.838 136.575 140.421 143.092 144.438 145.772 148.207 150.213 151.623 152.602 153.282 153.753 154.079 152.951
# exploitBtS
 2005.95 1535.13 1354.58 1364.6 1047.84 735.975 455.875 302.338 220.086 148.365 126.791 85.4423 80.3081 50.8783 29.9924 31.3955 27.6077 36.0137 50.8683 66.0302 77.6775 84.3296 83.136 82.5577 74.6685 71.7997 67.5084 67.0516 66.1897 78.5803 88.8573 93.0597 93.2866 95.407 96.8193 99.7986 103.118 105.45 106.518 101.039 95.8607 93.2482 94.2432 93.6638 91.8284 91.8119 95.5077 99.1195 97.7217 95.2685 94.9525 96.4634 99.8323 103.426 106.002 107.324 108.536 110.708 112.599 113.959 114.894 115.535 115.978 116.285 115.315
# Ft
 0 0.0256161 0.00062695 0.0188197 0.0166561 0.123632 0.0885617 0.0536736 0.184663 0.0520144 0.325291 0.131484 0.48658 0.629343 0.423059 0.547545 0.244144 0.0488684 0 0.00322835 0.0371205 0.113522 0.107832 0.203168 0.171746 0.210488 0.177717 0.188752 2.32314e-05 0.00772898 0.0445563 0.068021 0.043899 0.0483297 0.0268914 0.01589 0.017195 0.0225073 0.0842642 0.0945438 0.0853634 0.0571592 0.0746257 0.0887141 0.0731406 0.0331174 0.0265427 0.0687658 0.0798789 0.0640164 0.0474759 0.0243583 0.0136607 0.0141199 0.0185594 0.0148775 0.00201993 0 0 0 0 0 0 0.0111134 0.141489
# D
0.0574866
# projSpawnBio
100.716
# projExpBio
136.083
# projExpBioS
115.315
# trendBio
6.0066e-05

## Priors
# pmSteepness
0.8
# psdSteepness
0.08
# pmM
0.5
# psdM
0.05

## Minimization properties
# eiv_nll
339.22
# age_nll
1189.25
# steepness_nlp
8.33585
# objFun
1423.94
# maxGrad
9.53252e-05
# iExit
1
# nEval
-2

## Life history schedules
# len
 10.34 17.5605 22.2575 25.3129 27.3005 28.5934 29.4345 29.9816 30.3375
# wt
 0.00669296 0.0350653 0.0735816 0.110018 0.139353 0.161049 0.176331 0.186784 0.193805
# mat
 0.00680752 0.0619228 0.38865 0.859599 0.983323 0.998242 0.999817 0.999981 0.999998
# sel
 0.05 0.5 0.95 0.997238 0.999854 0.999992 1 1 1

## Input data
# katch
 18.129 48.8792 1.17483 28.426 18.2756 95.9937 43.7431 18.2737 47.7695 9.60989 53.5125 15.6297 56.1708 50.7784 23.949 32.6951 12.9517 3.11439 0 0.316236 4.12791 13.4997 12.6702 23.823 18.5742 22.1956 17.868 18.9206 0.00230314 0.881441 5.56094 8.75394 5.65824 6.35947 3.57991 2.1684 2.40856 3.20708 12.0968 12.9711 11.2424 7.38153 9.73622 11.4984 9.3234 4.22691 3.50225 9.33659 10.6888 8.39534 6.22226 3.2357 1.8657 1.98273 2.65571 2.14887 0.294448 0 0 0 0 0 0 1.71233 21.6409
# lastDt
21.6409
# ItScaled
 0 17.4135 20.508 18.0247 12.8787 12.1237 48.331 18.6679 13.2432 13.6866 16.6431 28.4848 16.617 18.8408 25.4276 15.5836 4.49068 2.0234 9.26818 14.2108 15.6379 20.9511 9.14787 7.97431 25.0674 16.6848 33.2986 38.0522 21.3771 10.94 12.0436 20.1492 29.8665 35.378 18.2083 11.7824 8.6632 12.7865 19.431 30.6908 56.3922 41.5512 20.6248 21.1245 36.8333 29.5058 20.038 44.7984 19.781 38.4654 42.2523 40.803 37.7308 20.0458 19.3579 9.87158 6.81908 11.0984 8.59461 9.14743 5.47912 4.93803 12.2709 7.98099 11.6394
# obsPropAge
 15.8025 0 0 0 0 0.000286499 0.0194229 0.386265 0.21306
 0.0474942 0.0604176 0.038849 0.0409678 0.193237 0.000557048 0.018328 0.255202 0.539741
 0.106537 0.0157683 0.0101634 0.0117166 0.041987 0.0123659 0.0189241 0.12676 0.333059
 0.41915 0.0530472 0.00842197 0.00662242 0.021649 0.0016295 0.163121 0.0756164 0.199394
 0.30482 0.204032 0.0371388 0.0048248 0.00942383 0.00107914 0.0202464 0.588199 0.134814
 0.0986615 0.0816608 0.0612257 0.00909202 0.00502195 0.00284317 0.0141272 0.0691568 0.733082
 0.0795209 0.0305174 0.0303583 0.035333 0.00506107 0.00579613 0.092882 0.172661 0.210657
 0.432369 0.0429148 0.0125281 0.0181826 0.012009 0.00315133 0.0801325 0.477305 0.27106
 0.0509072 0.0914393 0.0165335 0.00310148 0.00637003 0.000186965 0.0546128 0.283444 0.498528
 0.0972801 0.0240976 0.0330604 0.00511912 0.0036713 0.00151767 0.00660685 0.336576 0.362444
 0.22418 0.0470331 0.00949199 0.0106481 0.00150208 0.00661761 0.011878 0.0261335 0.618415
 0.237365 0.078409 0.0111176 0.00285989 0.00720408 0.00897407 0.123581 0.25065 0.0557319
 0.388992 0.131295 0.0308958 0.00585104 0.00402997 0.00392541 0.0625131 0.449069 0.243151
 0.0410149 0.124294 0.0586452 0.0137218 0.00366504 0.0018862 0.0384886 0.312984 0.522983
 0.0762398 0.00954855 0.0222516 0.0109006 0.00471774 0.00611388 0.0564598 0.376611 0.372864
 0.144397 0.0252597 0.00395218 0.00936183 0.00498052 0.0231619 0.0568756 0.192529 0.54577
 0.126114 0.0405565 0.0114021 0.00114578 0.00244588 0.00650816 0.584404 0.196889 0.163087
 0.0354514 0.0107395 0.00232917 0.000370768 0.000221197 0.0026645 0.029536 0.871767 0.0795408
 0.0133948 0.00250352 0.000436283 0.000117657 3.92696e-05 0.00568734 0.0201976 0.0723275 0.857511
 0.0378073 0.00531797 0.000964693 0.000137716 4.84348e-05 0.00206276 0.0707993 0.0923822 0.144473
 0.667764 0.0187214 0.00310601 0.000540418 0.000150464 0.00409353 0.0233017 0.237425 0.122225
 0.10359 0.501395 0.00577075 0.00177878 0.000419861 0.00106933 0.0542385 0.114916 0.519714
 0.0739188 0.0395124 0.192316 0.00344187 0.000872116 0.00402516 0.0198573 0.265282 0.241927
 0.29295 0.054185 0.0304767 0.0889882 0.00230821 0.00311055 0.0446287 0.168443 0.357798
 0.223534 0.11588 0.0269357 0.0131136 0.0465566 0.00105054 0.0250424 0.227411 0.259435
 0.272292 0.105 0.0679682 0.0117462 0.0300551 0.000425896 0.0128033 0.213947 0.40902
 0.178869 0.0989026 0.0522573 0.021877 0.0118982 0.000658261 0.00908099 0.13903 0.362514
 0.204776 0.161607 0.0748532 0.0208828 0.0265968 0.000481196 0.016509 0.117227 0.273438
 0.337071 0.13669 0.0646473 0.033427 0.0205103 0.028168 0.0156413 0.17409 0.290424
 0.170263 0.199608 0.0619823 0.031083 0.0287399 0.000940679 0.284204 0.0423606 0.26647
 0.188396 0.0673799 0.0945362 0.0282923 0.0274206 0.000687147 0.00566465 0.660627 0.0651917
 0.133152 0.0599287 0.0307973 0.0234434 0.0205075 0.000134106 0.00659893 0.0350344 0.774478
 0.0342949 0.0761052 0.0292606 0.0270485 0.0170453 0.000454008 0.00149147 0.0657407 0.0801159
 0.725422 0.0522477 0.0453264 0.0142517 0.01495 0.000859126 0.00646849 0.0194454 0.17164
 0.186705 0.518946 0.0285648 0.0336779 0.0336928 0.00131383 0.0215723 0.0750958 0.0587671
 0.148746 0.0827761 0.534214 0.0266343 0.0508803 0.00399335 0.0188892 0.130766 0.124461
 0.0769511 0.170112 0.0703136 0.344344 0.0601704 0.0125753 0.0395431 0.166208 0.289867
 0.107103 0.051868 0.103007 0.0361553 0.193673 0.00213595 0.140649 0.19541 0.213362
 0.207196 0.0630449 0.0214088 0.0495013 0.107292 0.000321892 0.0122669 0.397696 0.275665
 0.114649 0.104838 0.0308015 0.0101103 0.0536519 0.000663059 0.00358057 0.0501717 0.743742
 0.103371 0.0371872 0.0275996 0.00878503 0.0248994 0.00287434 0.00968091 0.0588439 0.0991826
 0.648075 0.0735045 0.0366334 0.0388578 0.0323471 0.000414709 0.0419154 0.172028 0.0871515
 0.127846 0.444496 0.0506988 0.031903 0.0435465 0.000498465 0.00230322 0.320033 0.178493
 0.0365109 0.0672816 0.317437 0.0465343 0.0309088 0.000293471 0.00855435 0.0362092 0.547187
 0.133418 0.0448862 0.0374992 0.14015 0.0518038 0.00132896 0.00295001 0.0914698 0.0740128
 0.603963 0.096264 0.0197349 0.0194909 0.0907855 0.00750714 0.036681 0.0481612 0.223536
 0.0760318 0.434239 0.0863663 0.0156023 0.0718751 0.00262805 0.0683341 0.106478 0.0746954
 0.185611 0.125784 0.321382 0.0476058 0.0674813 0.000145093 0.0243997 0.432854 0.184263
 0.0479328 0.109946 0.0307441 0.123825 0.04589 0.000796041 0.00210742 0.121283 0.523886
 0.150347 0.0339197 0.0522543 0.0274409 0.0879649 8.46281e-05 0.00969366 0.0261139 0.324767
 0.483073 0.06724 0.0233601 0.0302712 0.0353975 0.00124615 0.00202365 0.109665 0.0935206
 0.351757 0.303219 0.0552757 0.0135905 0.0697015 0.00369944 0.0168921 0.0302442 0.19909
 0.0463436 0.341389 0.26913 0.0330506 0.060161 0.000670885 0.0620316 0.140449 0.05851
 0.21685 0.0580761 0.232868 0.177284 0.0532606 0.00405376 0.00826631 0.39589 0.200068
 0.0296763 0.0999979 0.0364463 0.091452 0.134149 0.000829134 0.0523416 0.0526954 0.458632
 0.247245 0.0277504 0.0688611 0.0172201 0.0744248 0.00294163 0.0121749 0.278409 0.105408
 0.422431 0.0759613 0.017807 0.0405148 0.0443526 0.00145822 0.0334592 0.13726 0.341733
 0.106028 0.268537 0.0429485 0.0116384 0.0569375 0.00790272 0.0273047 0.218723 0.142215
 0.359236 0.0341627 0.152057 0.0283954 0.0300032 0.00390471 0.0945232 0.130498 0.317057
 0.0948679 0.240154 0.0331849 0.0551232 0.0306869 0.00410942 0.0175234 0.410955 0.121677
 0.21231 0.0634316 0.0997835 0.00948679 0.0607242 0.00127309 0.0488448 0.0897297 0.607214
 0.0875085 0.0737276 0.0215891 0.0479357 0.022178 0.00398029 0.00846172 0.153682 0.169972
 0.520522 0.0602385 0.0493261 0.0147714 0.0190462 0.00144518 0.0442093 0.0743262 0.468158
 0.166515 0.185518 0.0244693 0.0226437 0.0127156 0.00236728 0.0117481 0.299853 0.140373
 0.304987 0.0654813 0.131584 0.0181187 0.0254875 0.000570034 0.0343094 0.0516178 0.554349
# predPropAge
 0.0050171 0.0130133 0.0583596 0.272774 0.0277313 0.245478 0.0349386 0.133549 0.209139
 0.000247187 0.183851 0.0361554 0.063592 0.240407 0.0222439 0.186521 0.0256837 0.241299
 0.000251409 0.00798824 0.446925 0.0341951 0.0486048 0.167225 0.0146567 0.118903 0.161251
 0.000311693 0.00991102 0.023958 0.527516 0.032657 0.0422471 0.137687 0.0116753 0.214037
 0.000429094 0.0136219 0.0326826 0.030835 0.548858 0.0309233 0.0378947 0.119485 0.185271
 0.000605331 0.0192525 0.0461623 0.0432708 0.0330064 0.53469 0.0285365 0.0338323 0.260644
 0.000948614 0.0300512 0.068663 0.0609674 0.0459352 0.0318784 0.489176 0.0252582 0.247122
 0.00136744 0.0435385 0.10076 0.086851 0.0621135 0.0425825 0.027993 0.415581 0.219213
 0.00178451 0.0570358 0.13485 0.119805 0.0833341 0.0542346 0.0352202 0.0224 0.491336
 0.00247541 0.0786648 0.175287 0.14821 0.105416 0.0666966 0.0411166 0.0258327 0.356301
 0.00273499 0.0881131 0.208088 0.178145 0.121563 0.0786822 0.0471568 0.0281252 0.247392
 0.00375314 0.118318 0.246917 0.189423 0.128297 0.0795801 0.0487892 0.0282897 0.156633
 0.00375961 0.122002 0.275256 0.211811 0.130545 0.0804416 0.0472642 0.0280342 0.100887
 0.00535054 0.166772 0.319416 0.201605 0.120162 0.0672371 0.0392416 0.0223066 0.0579094
 0.00725571 0.234709 0.393936 0.174279 0.0824247 0.0445148 0.0235895 0.0133195 0.0259722
 0.00629741 0.213959 0.424264 0.212637 0.0735737 0.031609 0.0161691 0.00828968 0.013201
 0.00715417 0.21908 0.422945 0.218138 0.0836938 0.0262731 0.0106906 0.00529067 0.00673464
 0.00579731 0.186927 0.387163 0.257417 0.105813 0.0369182 0.0109777 0.00432154 0.00466495
 0.00478592 0.14393 0.345384 0.275262 0.147727 0.0552598 0.0182634 0.00525403 0.00413371
 0.004193 0.126333 0.289127 0.273126 0.176129 0.0860305 0.0304842 0.00974734 0.00482942
 0.00380946 0.117349 0.268675 0.241708 0.184724 0.108416 0.0501636 0.0171969 0.00795803
 0.0036195 0.11299 0.260444 0.230743 0.167659 0.116606 0.0648281 0.0290199 0.0140909
 0.00368965 0.115744 0.260837 0.223864 0.159516 0.105454 0.0694743 0.0373684 0.024053
 0.00369279 0.116854 0.265351 0.223331 0.154211 0.0999786 0.0626083 0.0399053 0.0340671
 0.00400139 0.125936 0.275256 0.221017 0.148725 0.0934045 0.057361 0.0347519 0.0395479
 0.00406691 0.129289 0.285521 0.224898 0.1447 0.0885721 0.0526918 0.0313061 0.0389546
 0.00424938 0.134115 0.293399 0.228068 0.14355 0.0840024 0.0487054 0.0280324 0.0358784
 0.00423584 0.134234 0.296389 0.232848 0.144975 0.083003 0.0460089 0.0258086 0.0324977
 0.00427989 0.134813 0.297241 0.234131 0.147214 0.0833702 0.045214 0.024247 0.0294909
 0.00371551 0.118227 0.283399 0.245977 0.156772 0.0897149 0.0481283 0.0252523 0.0288139
 0.0034523 0.107844 0.260235 0.24471 0.171795 0.0996514 0.0540198 0.0280367 0.0302552
 0.00338324 0.106153 0.247279 0.230082 0.174677 0.111596 0.0613187 0.0321589 0.0333523
 0.00339037 0.106979 0.247591 0.219852 0.164951 0.113955 0.068963 0.0366604 0.0376573
 0.00332161 0.105299 0.247844 0.221247 0.158619 0.108302 0.0708735 0.0414959 0.0429981
 0.00328882 0.104078 0.245611 0.222503 0.160331 0.104603 0.0676544 0.0428334 0.0490973
 0.00321189 0.101815 0.242226 0.222266 0.162712 0.106703 0.0659441 0.0412634 0.053859
 0.00313608 0.099355 0.237961 0.221257 0.164151 0.109365 0.0679372 0.0406205 0.0562167
 0.00309005 0.0978799 0.234156 0.21905 0.164664 0.111181 0.0701681 0.0421703 0.0576402
 0.00307185 0.097353 0.232293 0.216521 0.163715 0.112002 0.071636 0.0437398 0.0596686
 0.00321649 0.10171 0.235959 0.212865 0.159849 0.109977 0.0712699 0.0441011 0.0610538
 0.00333841 0.105973 0.24411 0.212982 0.154703 0.105704 0.0688893 0.0431912 0.0611083
 0.00339151 0.107726 0.250192 0.217772 0.153065 0.101165 0.0654776 0.0412848 0.0599263
 0.00334996 0.10637 0.250486 0.222949 0.156573 0.100145 0.0626982 0.0392603 0.0581683
 0.0033748 0.106754 0.249264 0.223011 0.160001 0.102247 0.0619481 0.0375226 0.0558782
 0.00342984 0.108558 0.250847 0.22094 0.159211 0.103936 0.0629159 0.0368788 0.0532841
 0.00342025 0.108454 0.252597 0.221923 0.157572 0.103322 0.0638932 0.0374186 0.0514009
 0.00330839 0.104958 0.249491 0.225284 0.159892 0.103317 0.0641739 0.0383934 0.0511827
 0.00322491 0.102033 0.243387 0.224994 0.164177 0.106044 0.0649084 0.0390055 0.0522264
 0.00328118 0.103622 0.241747 0.219735 0.163789 0.108755 0.0665412 0.0394043 0.0531255
 0.00334446 0.105963 0.24547 0.216999 0.158943 0.107804 0.0678059 0.0401373 0.0535334
 0.00334022 0.106003 0.248195 0.219605 0.156576 0.104361 0.0670505 0.0408011 0.0540675
 0.00329474 0.104474 0.246909 0.222601 0.158993 0.10316 0.0651321 0.0404853 0.0549504
 0.00320839 0.101708 0.242738 0.223327 0.162721 0.105773 0.0650098 0.0397101 0.0558053
 0.00312837 0.0990922 0.237582 0.221831 0.165032 0.109436 0.067385 0.0400688 0.0564449
 0.0030777 0.0974857 0.233495 0.218971 0.16532 0.111934 0.0703117 0.041886 0.0575186
 0.00305422 0.0967992 0.23138 0.216326 0.164004 0.112689 0.072275 0.043923 0.0595503
 0.00302882 0.0960942 0.230215 0.215165 0.162656 0.112229 0.0730472 0.0453262 0.0622378
 0.0029813 0.0946556 0.228328 0.215142 0.162684 0.11193 0.0731572 0.0460674 0.0650535
 0.00294535 0.0934715 0.225843 0.214458 0.163505 0.112528 0.0733392 0.0463749 0.0675346
 0.00292118 0.0927239 0.223934 0.212995 0.163656 0.113561 0.0740336 0.0466813 0.0694947
 0.00290467 0.0922304 0.222789 0.211809 0.163012 0.113995 0.0749302 0.0472603 0.0710695
 0.00289329 0.0918923 0.222046 0.211147 0.162428 0.113774 0.0753674 0.0479282 0.0725252
 0.00288544 0.0916584 0.221536 0.210732 0.162143 0.113522 0.0753243 0.0482742 0.0739243
 0.00288004 0.091497 0.221183 0.210449 0.161979 0.113431 0.0752295 0.0482926 0.0750589
 0.00290176 0.0921427 0.221654 0.209872 0.161489 0.113123 0.0750405 0.0481493 0.0756276
# obsPropAgeS
 0.0848486 0.143693 0.0451843 0.0667599 0.0186678 0 0 0 0
 -1 -1 -1 -1 -1 -1 -1 -1 -1
 -1 -1 -1 -1 -1 -1 -1 -1 -1
 -1 -1 -1 -1 -1 -1 -1 -1 -1
 -1 -1 -1 -1 -1 -1 -1 -1 -1
 -1 -1 -1 -1 -1 -1 -1 -1 -1
 -1 -1 -1 -1 -1 -1 -1 -1 -1
 -1 -1 -1 -1 -1 -1 -1 -1 -1
 -1 -1 -1 -1 -1 -1 -1 -1 -1
 -1 -1 -1 -1 -1 -1 -1 -1 -1
 -1 -1 -1 -1 -1 -1 -1 -1 -1
 -1 -1 -1 -1 -1 -1 -1 -1 -1
 -1 -1 -1 -1 -1 -1 -1 -1 -1
 -1 -1 -1 -1 -1 -1 -1 -1 -1
 -1 -1 -1 -1 -1 -1 -1 -1 -1
 -1 -1 -1 -1 -1 -1 -1 -1 -1
 -1 -1 -1 -1 -1 -1 -1 -1 -1
 -1 -1 -1 -1 -1 -1 -1 -1 -1
 -1 -1 -1 -1 -1 -1 -1 -1 -1
 -1 -1 -1 -1 -1 -1 -1 -1 -1
 -1 -1 -1 -1 -1 -1 -1 -1 -1
 -1 -1 -1 -1 -1 -1 -1 -1 -1
 -1 -1 -1 -1 -1 -1 -1 -1 -1
 -1 -1 -1 -1 -1 -1 -1 -1 -1
 -1 -1 -1 -1 -1 -1 -1 -1 -1
 -1 -1 -1 -1 -1 -1 -1 -1 -1
 -1 -1 -1 -1 -1 -1 -1 -1 -1
 -1 -1 -1 -1 -1 -1 -1 -1 -1
 -1 -1 -1 -1 -1 -1 -1 -1 -1
 -1 -1 -1 -1 -1 -1 -1 -1 -1
 -1 -1 -1 -1 -1 -1 -1 -1 -1
 -1 -1 -1 -1 -1 -1 -1 -1 -1
 -1 -1 -1 -1 -1 -1 -1 -1 -1
 -1 -1 -1 -1 -1 -1 -1 -1 -1
 -1 -1 -1 -1 -1 -1 -1 -1 -1
 -1 -1 -1 -1 -1 -1 -1 -1 -1
 -1 -1 -1 -1 -1 -1 -1 -1 -1
 -1 -1 -1 -1 -1 -1 -1 -1 -1
 -1 -1 -1 -1 -1 -1 -1 -1 -1
 -1 -1 -1 -1 -1 -1 -1 -1 -1
 -1 -1 -1 -1 -1 -1 -1 -1 -1
 -1 -1 -1 -1 -1 -1 -1 -1 -1
 -1 -1 -1 -1 -1 -1 -1 -1 -1
 -1 -1 -1 -1 -1 -1 -1 -1 -1
 -1 -1 -1 -1 -1 -1 -1 -1 -1
 -1 -1 -1 -1 -1 -1 -1 -1 -1
 -1 -1 -1 -1 -1 -1 -1 -1 -1
 -1 -1 -1 -1 -1 -1 -1 -1 -1
 -1 -1 -1 -1 -1 -1 -1 -1 -1
 -1 -1 -1 -1 -1 -1 -1 -1 -1
 -1 -1 -1 -1 -1 -1 -1 -1 -1
 -1 -1 -1 -1 -1 -1 -1 -1 -1
 -1 -1 -1 -1 -1 -1 -1 -1 -1
 -1 -1 -1 -1 -1 -1 -1 -1 -1
 -1 -1 -1 -1 -1 -1 -1 -1 -1
 -1 -1 -1 -1 -1 -1 -1 -1 -1
 -1 -1 -1 -1 -1 -1 -1 -1 -1
 -1 -1 -1 -1 -1 -1 -1 -1 -1
 -1 -1 -1 -1 -1 -1 -1 -1 -1
 -1 -1 -1 -1 -1 -1 -1 -1 -1
 -1 -1 -1 -1 -1 -1 -1 -1 -1
 -1 -1 -1 -1 -1 -1 -1 -1 -1
 -1 -1 -1 -1 -1 -1 -1 -1 -1
 -1 -1 -1 -1 -1 -1 -1 -1 -1
 -1 -1 -1 -1 -1 -1 -1 -1 -1
# predPropAgeS
 0.00074962 0.00176863 0.026201 0.25803 0.0299295 0.26892 0.038335 0.146556 0.229511
 4.18321e-05 0.0283017 0.0183854 0.0681342 0.293881 0.0276005 0.231801 0.0319238 0.299931
 4.73517e-05 0.00136857 0.252933 0.0407753 0.0661263 0.230927 0.0202719 0.164482 0.223068
 4.69727e-05 0.00135862 0.0108489 0.503306 0.0355496 0.0466805 0.152374 0.0129228 0.236912
 6.11749e-05 0.00176653 0.0140008 0.0278319 0.565225 0.0323241 0.0396736 0.125114 0.194003
 8.69485e-05 0.00251546 0.0199238 0.0393498 0.0342459 0.563108 0.0301004 0.0356923 0.274977
 0.000139935 0.00403237 0.0304351 0.0569394 0.0489467 0.0344789 0.529912 0.027366 0.267749
 0.000209652 0.00607191 0.046419 0.0843031 0.0687888 0.0478676 0.0315168 0.467971 0.246852
 0.000285573 0.00830245 0.0648432 0.121381 0.0963299 0.0636348 0.0413896 0.026328 0.577505
 0.00041969 0.0121318 0.0892992 0.159088 0.129101 0.0829099 0.051192 0.0321681 0.443691
 0.000483136 0.0141585 0.110453 0.199236 0.155116 0.101909 0.0611731 0.0364908 0.320981
 0.000710917 0.0203862 0.140537 0.227162 0.175543 0.110522 0.0678657 0.0393573 0.217916
 0.000735797 0.0217191 0.161871 0.262447 0.184551 0.115429 0.0679281 0.0402974 0.145021
 0.00115525 0.0327538 0.207229 0.275586 0.187406 0.106441 0.0622195 0.035374 0.0918348
 0.00186454 0.0548636 0.304183 0.283541 0.153 0.0838721 0.0445158 0.0251394 0.0490209
 0.00163071 0.0503972 0.330116 0.348603 0.137619 0.060013 0.0307471 0.0157661 0.0251074
 0.00187166 0.0521353 0.332482 0.361308 0.158162 0.0503964 0.0205386 0.010166 0.0129408
 0.00139676 0.0409666 0.280289 0.392655 0.184151 0.0652163 0.0194227 0.00764728 0.00825511
 0.00104233 0.0285138 0.226026 0.379547 0.232403 0.0882411 0.0292096 0.0084044 0.00661243
 0.000846897 0.0232105 0.175474 0.349259 0.256967 0.127403 0.0452151 0.0144599 0.00716444
 0.000742511 0.0208057 0.157356 0.29827 0.260078 0.154936 0.071801 0.0246185 0.0113927
 0.000694915 0.0197326 0.15025 0.280473 0.232514 0.164144 0.0914004 0.0409216 0.0198702
 0.000709988 0.0202593 0.150817 0.272727 0.221723 0.148782 0.098173 0.0528133 0.033995
 0.000714095 0.0205546 0.154184 0.273419 0.215407 0.141752 0.088907 0.0566768 0.0483857
 0.000789071 0.02259 0.163102 0.275938 0.211851 0.13505 0.0830663 0.0503336 0.0572809
 0.000813206 0.0235158 0.17155 0.284709 0.209 0.129854 0.0773716 0.0459768 0.0572105
 0.000861652 0.0247368 0.178765 0.292785 0.210258 0.124887 0.0725247 0.0417484 0.0534342
 0.000862168 0.024853 0.181272 0.300057 0.21315 0.12387 0.0687697 0.0385826 0.0485832
 0.000872781 0.0250073 0.182137 0.302281 0.216852 0.124654 0.0677093 0.0363166 0.0441714
 0.000734166 0.0212498 0.168264 0.307715 0.223761 0.129975 0.0698359 0.0366479 0.0418175
 0.000660196 0.0187595 0.149536 0.296275 0.23731 0.139723 0.0758612 0.039379 0.0424956
 0.000637015 0.0181807 0.139901 0.27427 0.237572 0.154059 0.0847838 0.0444725 0.0461237
 0.000637783 0.0183057 0.139951 0.26184 0.224142 0.157174 0.0952675 0.050652 0.0520303
 0.000623725 0.0179859 0.139843 0.263027 0.21515 0.149108 0.0977307 0.0572299 0.0593027
 0.000615679 0.0177229 0.138159 0.263712 0.216807 0.143576 0.0930065 0.058894 0.0675076
 0.000597957 0.0172418 0.135502 0.261976 0.218811 0.145649 0.0901546 0.0564219 0.0736459
 0.000579996 0.0167143 0.132239 0.259068 0.219292 0.148299 0.0922674 0.0551769 0.0763633
 0.000568493 0.01638 0.129444 0.255141 0.218826 0.149973 0.0947984 0.0569822 0.077887
 0.000563665 0.0162492 0.128078 0.251536 0.216996 0.150684 0.0965284 0.0589483 0.0804169
 0.000594642 0.017104 0.131077 0.249148 0.213464 0.149072 0.096757 0.059882 0.0829025
 0.000624458 0.018031 0.137204 0.252223 0.209028 0.14497 0.0946276 0.0593379 0.0839546
 0.000639486 0.0184765 0.141752 0.259968 0.208475 0.139859 0.0906637 0.0571744 0.0829921
 0.000631407 0.018237 0.141863 0.266045 0.213171 0.138394 0.0867816 0.0543497 0.0805262
 0.00063583 0.0182953 0.141114 0.26601 0.217749 0.141242 0.0857083 0.0519229 0.0773242
 0.000648233 0.0186629 0.142456 0.264369 0.217356 0.144027 0.0873212 0.0511926 0.0739666
 0.000647358 0.0186721 0.143658 0.26593 0.215429 0.143384 0.0888061 0.0520172 0.0714558
 0.000622299 0.0179581 0.141011 0.268282 0.217246 0.142487 0.0886427 0.0530411 0.0707108
 0.000601439 0.0173091 0.136392 0.265659 0.221171 0.145004 0.0888951 0.0534287 0.0715394
 0.00061172 0.0175727 0.135426 0.259358 0.220571 0.148659 0.0910995 0.053956 0.0727456
 0.00062682 0.0180647 0.138239 0.257485 0.215178 0.14814 0.0933225 0.0552507 0.0736923
 0.000627715 0.0181204 0.140151 0.261282 0.212546 0.143796 0.0925321 0.0563161 0.0746284
 0.000617728 0.0178176 0.139101 0.26423 0.215326 0.141811 0.0896756 0.0557503 0.0756708
 0.000597591 0.0172319 0.135853 0.263353 0.218928 0.144448 0.0889198 0.054324 0.0763438
 0.000578282 0.0166618 0.131963 0.259611 0.220359 0.148321 0.0914718 0.0544003 0.0766349
 0.000565651 0.0162976 0.128948 0.254793 0.219477 0.150836 0.0948969 0.0565411 0.0776445
 0.000559631 0.0161337 0.127392 0.250951 0.217068 0.151391 0.0972503 0.0591107 0.080143
 0.000553851 0.0159837 0.126494 0.249098 0.214847 0.150468 0.09809 0.0608754 0.0835898
 0.000543394 0.0156934 0.125051 0.248264 0.214189 0.149582 0.0979195 0.0616703 0.0870886
 0.000534968 0.015443 0.123257 0.246611 0.214518 0.149855 0.0978204 0.0618654 0.0900944
 0.000529165 0.0152787 0.12189 0.244276 0.214144 0.150828 0.0984836 0.0621083 0.0924624
 0.000525268 0.0151712 0.121058 0.242498 0.212934 0.151144 0.0995047 0.0627703 0.0943949
 0.000522623 0.0150986 0.120519 0.241468 0.211932 0.150681 0.0999728 0.0635859 0.0962201
 0.000520808 0.0150487 0.120151 0.24081 0.211399 0.150233 0.0998395 0.0639961 0.0980016
 0.00051956 0.0150143 0.119896 0.24036 0.211074 0.150034 0.0996614 0.0639869 0.0994534
 0.000524016 0.0151358 0.120275 0.239947 0.210653 0.149779 0.0995132 0.0638625 0.10031
# biomass
 220.889 57.2939 135.232 602.136 61.0554 540.39 76.9123 293.989 460.389
 9.43337 701.628 72.6207 121.679 458.797 42.4449 355.909 49.0082 460.433
 9.42221 29.938 881.562 64.2551 91.0928 313.361 27.465 222.809 302.166
 9.41589 29.94 38.0917 798.989 49.3337 63.8123 207.968 17.6348 323.291
 9.41628 29.8927 37.7477 33.9267 602.31 33.9302 41.5792 131.102 203.285
 9.40019 29.8972 37.7292 33.6907 25.6316 415.163 22.1572 26.2691 202.377
 9.37095 29.6863 35.6995 30.1969 22.692 15.7458 241.618 12.4757 122.06
 9.31115 29.6462 36.1103 29.6511 21.1502 14.4977 9.53047 141.488 74.6329
 9.23254 29.5086 36.7196 31.0776 21.5604 14.0298 9.11094 5.79454 127.101
 9.14685 29.0673 34.0895 27.4582 19.4789 12.3226 7.59648 4.7727 65.8282
 8.99844 28.9903 36.0334 29.3872 20.0008 12.9438 7.75759 4.62677 40.6975
 8.92285 28.1293 30.8963 22.5794 15.2532 9.45991 5.79966 3.36285 18.6193
 8.68019 28.1677 33.4479 24.5192 15.0723 9.28624 5.45618 3.23627 11.6464
 8.63415 26.9119 27.1285 16.3115 9.69664 5.42506 3.1662 1.7998 4.67241
 8.21479 26.5734 23.474 9.89309 4.66667 2.51996 1.33538 0.754007 1.47026
 7.52065 25.5519 26.6671 12.7322 4.39389 1.88746 0.965496 0.494996 0.788262
 7.59048 23.2441 23.6179 11.6041 4.44055 1.39378 0.567127 0.280667 0.357268
 7.38927 23.8258 25.9726 16.4507 6.74444 2.35282 0.699613 0.275412 0.297298
 7.7887 23.4235 29.5834 22.4604 12.0225 4.49658 1.48611 0.427526 0.336364
 8.21457 24.7501 29.8123 26.8284 17.2554 8.42725 2.98611 0.954808 0.47307
 8.47246 26.0992 31.45 26.9531 20.5448 12.0563 5.57834 1.91234 0.884956
 8.60842 26.873 32.6013 27.5153 19.9404 13.8666 7.70917 3.45097 1.67565
 8.67064 27.1997 32.2613 26.3768 18.7458 12.3909 8.1632 4.39076 2.82621
 8.66015 27.4041 32.752 26.2598 18.0851 11.7233 7.3413 4.67919 3.99462
 8.65497 27.2398 31.3356 23.9691 16.0869 10.1017 6.20357 3.75841 4.27709
 8.57698 27.2667 31.6923 23.7808 15.2606 9.33986 5.55627 3.30118 4.1077
 8.54479 26.9682 31.0514 22.9938 14.4349 8.44579 4.89692 2.81842 3.60727
 8.49205 26.9115 31.2739 23.4054 14.5344 8.32033 4.61196 2.58707 3.25759
 8.48608 26.7305 31.0191 23.2758 14.5968 8.26531 4.48247 2.40383 2.9237
 8.47462 26.9662 34.0209 28.1298 17.8814 10.2315 5.48873 2.87986 3.28604
 8.61743 26.9194 34.1886 30.6261 21.4444 12.4373 6.74206 3.49918 3.77606
 8.70809 27.3226 33.4984 29.6924 22.4833 14.362 7.8914 4.13868 4.29227
 8.73985 27.5776 33.5922 28.4157 21.264 14.688 8.8888 4.72524 4.85374
 8.74148 27.7116 34.329 29.1934 20.8749 14.251 9.3259 5.46023 5.6579
 8.75645 27.7107 34.4178 29.7027 21.3471 13.9254 9.00647 5.70218 6.53606
 8.76609 27.7879 34.7946 30.4151 22.2074 14.5611 8.99894 5.63093 7.34977
 8.78558 27.8338 35.0862 31.078 22.9964 15.3192 9.51615 5.68983 7.87443
 8.80607 27.8939 35.121 31.299 23.4665 15.8424 9.99828 6.00887 8.21317
 8.81974 27.9515 35.1025 31.1693 23.506 16.0789 10.2839 6.27918 8.56587
 8.82582 27.9084 34.0765 29.2852 21.9339 15.0885 9.77799 6.05051 8.37637
 8.79338 27.9132 33.8414 28.1275 20.3774 13.9214 9.07273 5.68828 8.04797
 8.75958 27.8234 34.0103 28.201 19.7696 13.0646 8.45578 5.33151 7.73888
 8.74121 27.7557 34.4003 29.1682 20.4307 13.0657 8.18008 5.12219 7.58907
 8.74832 27.6733 34.0081 28.985 20.7411 13.2525 8.02923 4.86339 7.24249
 8.74419 27.6762 33.6589 28.2418 20.298 13.249 8.02003 4.70103 6.79225
 8.73082 27.6848 33.9368 28.4034 20.1144 13.1875 8.15495 4.77589 6.5605
 8.7307 27.698 34.6524 29.8081 21.1005 13.6325 8.46761 5.06593 6.75344
 8.75715 27.7067 34.7848 30.6329 22.2941 14.3981 8.81285 5.29592 7.09097
 8.78123 27.7319 34.0513 29.4846 21.9202 14.5528 8.90402 5.27278 7.10884
 8.77211 27.7927 33.8862 28.5369 20.8474 14.138 8.89232 5.26375 7.02057
 8.7555 27.7859 34.241 28.8615 20.5241 13.6778 8.78776 5.34746 7.08617
 8.7533 27.7563 34.5251 29.6517 21.1233 13.7036 8.652 5.37797 7.29948
 8.76368 27.7815 34.8966 30.5853 22.2268 14.446 8.87869 5.42339 7.6216
 8.7858 27.8293 35.1174 31.2361 23.1773 15.3673 9.4623 5.62652 7.92606
 8.80791 27.8989 35.1698 31.4198 23.6595 16.017 10.0611 5.99356 8.23046
 8.82289 27.9629 35.1789 31.3322 23.6918 16.2766 10.4392 6.34413 8.60131
 8.83033 28.0156 35.3251 31.4519 23.7141 16.3599 10.6482 6.60728 9.0725
 8.83699 28.0573 35.621 31.9739 24.1145 16.589 10.8424 6.82751 9.6414
 8.84859 28.0813 35.71 32.3037 24.5642 16.9033 11.0165 6.96612 10.1446
 8.85836 28.1181 35.7405 32.3844 24.8176 17.2185 11.2252 7.07796 10.537
 8.86519 28.1492 35.7875 32.4121 24.8796 17.3961 11.4345 7.21204 10.8454
 8.86979 28.1709 35.8269 32.4547 24.9009 17.4396 11.5525 7.34654 11.1168
 8.87292 28.1855 35.8546 32.4905 24.9336 17.4545 11.5813 7.42231 11.3661
 8.87506 28.1954 35.8732 32.5155 24.9611 17.4774 11.5913 7.44086 11.565
 8.87653 28.1866 35.6864 32.189 24.7035 17.3023 11.4775 7.36446 11.5673
# numbers
 33003.1 1633.92 1837.85 5473.08 438.134 3355.44 436.182 1573.96 2375.53
 1409.45 20009.2 986.941 1105.99 3292.33 263.553 2018.42 262.379 2375.75
 1407.78 853.778 11980.7 584.043 653.682 1945.75 155.758 1192.87 1559.12
 1406.83 853.835 517.68 7262.36 354.018 396.229 1179.42 94.413 1668.12
 1406.89 852.486 513.004 308.375 4322.17 210.682 235.802 701.891 1048.91
 1404.49 852.614 512.753 306.229 183.932 2577.87 125.657 140.639 1044.23
 1400.12 846.6 485.169 274.473 162.838 97.7701 1370.26 66.7923 629.81
 1391.19 845.455 490.751 269.512 151.774 90.0205 54.0489 757.498 385.092
 1379.44 841.532 499.033 282.478 154.718 87.1152 51.6696 31.0227 655.819
 1366.64 828.948 463.288 249.58 139.78 76.5146 43.0809 25.552 339.662
 1344.46 826.752 489.706 267.113 143.526 80.3719 43.9945 24.7708 209.992
 1333.17 802.196 419.891 205.234 109.457 58.7394 32.8908 18.004 96.0721
 1296.91 803.292 454.569 222.865 108.159 57.6611 30.9429 17.3263 60.0932
 1290.03 767.48 368.685 148.263 69.5831 33.6858 17.9561 9.63576 24.1088
 1227.38 757.824 319.02 89.9226 33.488 15.6472 7.57318 4.03679 7.58628
 1123.67 728.695 362.415 115.729 31.5306 11.7198 5.47549 2.6501 4.06729
 1134.1 662.879 320.975 105.475 31.8653 8.6544 3.21627 1.50263 1.84344
 1104.04 679.469 352.977 149.527 48.3981 14.6093 3.96762 1.4745 1.534
 1163.72 667.996 402.049 204.152 86.2732 27.9206 8.428 2.28888 1.73558
 1227.35 705.829 405.16 243.855 123.825 52.3273 16.9347 5.11184 2.44096
 1265.88 744.302 427.416 244.988 147.429 74.8609 31.6357 10.2383 4.56621
 1286.19 766.368 443.063 250.099 143.092 86.1016 43.72 18.4757 8.64605
 1295.49 775.686 438.442 239.75 134.52 76.9388 46.2948 23.5072 14.5827
 1293.92 781.516 445.111 238.687 129.779 72.7937 41.6337 25.0514 20.6115
 1293.14 776.829 425.861 217.866 115.439 62.7247 35.1815 20.1217 22.069
 1281.49 777.597 430.71 216.154 109.51 57.994 31.5105 17.6738 21.195
 1276.68 769.084 421.999 209.001 103.585 52.4425 27.7713 15.0892 18.6128
 1268.8 767.466 425.023 212.742 104.299 51.6634 26.1552 13.8506 16.8086
 1267.91 762.305 421.561 211.564 104.746 51.3218 25.4208 12.8696 15.0858
 1266.2 769.026 462.356 255.684 128.317 63.5304 31.1275 15.4182 16.9554
 1287.54 767.691 464.635 278.374 153.885 77.2268 38.2353 18.7339 19.4838
 1301.08 779.191 455.255 269.887 161.34 89.1777 44.7534 22.1576 22.1473
 1305.83 786.463 456.529 258.283 152.591 91.2024 50.4099 25.2979 25.0444
 1306.07 790.285 466.543 265.351 149.798 88.4886 52.8887 29.2329 29.1938
 1308.31 790.258 467.749 269.981 153.187 86.4669 51.0772 30.5283 33.7249
 1309.75 792.462 472.871 276.457 159.36 90.4143 51.0345 30.1468 37.9235
 1312.66 793.771 476.834 282.481 165.022 95.1212 53.9677 30.4621 40.6307
 1315.72 795.484 477.307 284.49 168.396 98.3703 56.7019 32.1702 42.3785
 1317.76 797.127 477.056 283.311 168.679 99.8386 58.3217 33.6174 44.1984
 1318.67 795.896 463.112 266.186 157.397 93.6892 55.4526 32.3932 43.2206
 1313.83 796.034 459.916 255.663 146.228 86.4419 51.4529 30.4538 41.5261
 1308.77 793.474 462.211 256.331 141.867 81.1219 47.9541 28.5438 39.9312
 1306.03 791.543 467.512 265.122 146.611 81.1289 46.3906 27.4231 39.1582
 1307.09 789.192 462.182 263.458 148.838 82.2888 45.5351 26.0375 37.37
 1306.48 789.275 457.437 256.702 145.658 82.2672 45.4829 25.1683 35.0468
 1304.48 789.52 461.212 258.171 144.341 81.8854 46.2481 25.5691 33.851
 1304.46 789.896 470.939 270.938 151.417 84.6484 48.0212 27.1219 34.8466
 1308.41 790.145 472.738 278.436 159.983 89.4019 49.9791 28.3532 36.5881
 1312.01 790.863 462.769 267.999 157.299 90.3627 50.4962 28.2293 36.6803
 1310.65 792.596 460.525 259.384 149.601 87.7868 50.4298 28.181 36.2249
 1308.16 792.403 465.347 262.335 147.281 84.9297 49.8368 28.6292 36.5634
 1307.84 791.559 469.208 269.517 151.581 85.0899 49.0669 28.7925 37.664
 1309.39 792.277 474.257 278.004 159.499 89.6994 50.3525 29.0357 39.3261
 1312.69 793.642 477.258 283.919 166.321 95.42 53.6623 30.1232 40.8971
 1316 795.626 477.97 285.589 169.781 99.4544 57.058 32.0882 42.4677
 1318.23 797.451 478.093 284.792 170.012 101.066 59.2026 33.9651 44.3812
 1319.35 798.955 480.08 285.88 170.172 101.584 60.3878 35.374 46.8125
 1320.34 800.143 484.101 290.625 173.046 103.006 61.4892 36.553 49.7479
 1322.07 800.827 485.311 293.622 176.273 104.957 62.4764 37.2951 52.3442
 1323.53 801.879 485.726 294.356 178.091 106.915 63.6599 37.8939 54.369
 1324.55 802.763 486.364 294.608 178.536 108.018 64.8472 38.6117 55.9602
 1325.24 803.383 486.901 294.995 178.689 108.288 65.516 39.3318 57.3608
 1325.71 803.8 487.276 295.32 178.923 108.38 65.6797 39.7375 58.647
 1326.03 804.083 487.529 295.548 179.121 108.522 65.7359 39.8368 59.6732
 1326.25 803.83 484.991 292.58 177.272 107.435 65.0907 39.4277 59.6851
