## assessCA model data.
## Written: Wed Aug 19 14:17:15 2015 
# nT nAges nProjYrs trendYrs rseed hcrType
63  9  1  5  123  2 
# aMat50    aMat95    Linf    L1    vonK    c1    c2    sigmaL
3 3.2 27 10.34 0.48 4.5e-06 3.127 0 
# pmSteepness psdSteepness
0.82 0.08 
# qChangeTime
26 
# pmM psdM
0.5 0.05 
# pmQ
1 1 
# psdQ
0.5 0.5 
# sigmaM
0.05 
# lowBoundLnB0 upperBoundLnB0
3.688879 5.298317 
# fixFSel
 0 
# fixSSel
 0 
# nSamples
 100 
# nSamplesS
 100 
# Catch biomass (katch, tonnes)
9.830965 11.7513 2.494197 15.41794 21.93769 33.72826 27.14869 6.716225 14.37245 26.69944 23.91673 23.3615 21.07672 17.49764 12.07333 10.32499 8.724862 0.5011852 0.0375964 0.03012682 0.2485421 2.290553 3.622142 3.690098 6.772609 12.15095 12.06706 13.95782 9.814895 2.539639 4.716809 5.147277 7.451316 4.627624 2.629314 0.0842076 4.939417 3.181309 3.899437 3.554866 5.089635 5.261303 6.92371 10.92513 9.232828 7.839159 8.77578 10.08758 7.877367 7.890175 9.43786 11.20685 13.11792 13.1643 14.65452 10.51915 6.769597 5.486989 4.37712 7.047511 6.654047 11.69728 16.88424 
# Index series indexType ( 0=abs, 1=rel)
0 
# Index series 
27.32348 41.41764 50.15042 59.35754 73.79537 75.12969 47.94375 25.68512 36.14853 57.87481 60.10014 50.75412 41.92811 36.19481 28.02576 23.1743 14.61369 11.42384 9.923171 9.043466 13.45937 18.10313 21.27082 27.07342 35.54675 79.63296 83.65524 92.94745 86.43967 62.02298 56.50741 48.18412 36.15367 22.93765 16.63066 20.0738 25.59747 22.06042 28.86272 28.57724 31.44221 34.73907 45.79197 59.91932 70.05537 61.54029 58.56878 68.7435 66.60726 60.90238 70.07703 76.69374 91.14284 138.0785 104.8952 65.84717 58.11905 54.52087 38.86643 58.50415 60.20323 90.08583 132.8834 
# Fishery age proportions (nT,nAges)
4.92994167890065e-14 2.57407716022029e-07 0.391279622393307 0.131176872514689 0.0947674479800774 0.101801646452131 0.0569062856608471 0.0488746325103686 0.175193235080815
9.66682830048149e-14 4.49195268791357e-07 0.451939034723339 0.386362980739217 0.0482590417458902 0.0298587094820412 0.0185960383092313 0.0183440538435087 0.0466396919614073
2.75669457215356e-13 3.85249216505058e-07 0.396237378301993 0.355864284687384 0.189393381205574 0.0183930569644617 0.0120376300426259 0.00881052864081725 0.0192633549076518
8.94108476624049e-14 8.30916439590255e-07 0.216363201630854 0.473115033120074 0.218837460666452 0.0704527671728223 0.00934402069873051 0.00500209392476386 0.00688459186977441
2.1039786468219e-14 2.70469682476247e-07 0.497133611663649 0.237549604725796 0.184405444071088 0.0556367295288675 0.0196497856743495 0.00212751341713904 0.00349704044940739
1.861129360717e-14 9.71349514565695e-08 0.239535846406571 0.571153781917554 0.101471518220595 0.0560284331135384 0.0196830703223661 0.0101520824536899 0.00197517043071468
1.39109729271034e-13 1.27067898090092e-07 0.155365818000598 0.470227711307054 0.277852180415589 0.0538787281461332 0.0259382347046126 0.0126021911538483 0.00413500920412732
3.25780130303923e-13 7.22513767793343e-07 0.252333874844912 0.358399864493327 0.202156165193548 0.125729198705057 0.0402368833979123 0.0137927183232089 0.00735057252794131
1.54539600242603e-13 1.04968725368529e-06 0.460159691825007 0.263055407441273 0.118628013406354 0.0952191836463062 0.0438587497004617 0.011596432676203 0.00748147161698606
1.64341562587098e-13 4.96154036736771e-07 0.550786113747914 0.285857554897623 0.0795648042589715 0.0432625294031567 0.0280268144334023 0.0101562150413129 0.00234547206341881
8.57341993970619e-14 2.38109002146216e-07 0.293963154520042 0.57688825532371 0.0938559938560891 0.0189331370454149 0.00684734473775692 0.00527524282294752 0.0042366335849519
1.4036320580625e-13 3.61770323399799e-07 0.419563161487155 0.297261022600548 0.225270889326812 0.0436376732178394 0.00731725080196149 0.00328889083990769 0.00366074995531363
1.58935514661288e-13 4.51059386992262e-07 0.447381863386943 0.320510457006826 0.143631476995061 0.0646516254453621 0.018209316780207 0.00328932212599368 0.00232548720006106
2.97826964573252e-13 3.92046320814864e-07 0.433711023785983 0.450024428891159 0.0685154908664712 0.0304303763292776 0.0119950254105815 0.00364588777721047 0.00167737489269831
3.27037741334848e-13 1.09879140213897e-06 0.519814525101533 0.34568717278073 0.100994790592691 0.0176236446937946 0.0100126641928125 0.00431378454383848 0.00155231930287077
6.24208791025475e-13 7.22942428680422e-07 0.430596338435754 0.46262415606516 0.0761624705889352 0.022788175961844 0.00510186641220069 0.00195791545667628 0.000768354136377398
2.88157832221231e-13 1.64665241790492e-06 0.44207172259114 0.398100234145841 0.114283911222367 0.0358798702378367 0.00781173333338726 0.000904227700370384 0.000946654116351917
2.249839119546e-13 6.72054920719204e-07 0.661372722304758 0.270239330467332 0.0466127967439434 0.017414629082979 0.00327866201462092 0.000863230640751662 0.000217956690469001
5.95755810965082e-13 5.24012257899829e-07 0.373092771369808 0.484334826293866 0.115987867887734 0.0178081164489799 0.00731060888399267 0.00110822466195327 0.000357060440812753
4.59128714397811e-13 1.4228855670708e-06 0.333140777119061 0.445142256706258 0.176933862650935 0.0353358364840642 0.00611856607145152 0.0026265616969959 0.000700716385208127
2.895567191143e-13 6.73592035355527e-07 0.556809579378156 0.223899121046471 0.151510869834679 0.0592960709588138 0.00575701493571372 0.00170852575745512 0.00101814449638652
2.35039348622017e-13 5.25349615505246e-07 0.305233277682284 0.581126997736308 0.0668501727848492 0.0328552799732331 0.0116221755415541 0.00175912152537998 0.00055244940654108
2.74602218975764e-13 5.47637577297317e-07 0.345830583104557 0.362419181158029 0.229324812837434 0.0379789659525998 0.0195086488231925 0.00399154251852778 0.000945717967806994
1.29080454028716e-12 5.34519523082642e-07 0.447086154649965 0.280985945185426 0.182749783300297 0.0676580590683084 0.0137436459551103 0.00611281169807586 0.00166306562200373
1.06185382983001e-13 9.99836032805427e-07 0.346377698749284 0.364911334173434 0.163369116278368 0.0775275775660504 0.0384089126105518 0.00589003577779403 0.00351432500837834
1.2776434958647e-13 1.6204576332635e-07 0.532333201993397 0.287717065679833 0.108872341313914 0.037769898240692 0.0232341321186712 0.00822033940848464 0.00185285919911773
3.82537730999397e-14 4.20658141404124e-07 0.238662395551255 0.506090780311641 0.125134603261006 0.0839937636737105 0.0287046652154459 0.00960120731003134 0.00781216401872994
2.21326852938261e-14 1.29624314404537e-07 0.447280890619824 0.233493869273087 0.22379313212994 0.0579573990761 0.0224153522051254 0.00934789169785014 0.00571133537373743
9.4599241206555e-14 8.9536703768789e-08 0.145929721415844 0.567406627947541 0.118393754574968 0.120885693184453 0.0283290708216835 0.0106532644068083 0.00840177811190358
8.92203531484604e-14 4.48693617566974e-07 0.082430229392964 0.324454992950314 0.417507088771041 0.0678672360049571 0.0766257278975505 0.0188018760380594 0.012312400251408
9.39808287359006e-14 1.93463888832244e-07 0.3388003415871 0.163253399575051 0.220344612165464 0.18608830230551 0.0457779666434416 0.0283235570584571 0.0174116272009926
6.80817174721728e-14 2.38541497355197e-07 0.219211826614837 0.40538511337014 0.080766148142244 0.139975244989156 0.0937775681569551 0.0417157949846439 0.0191680652004596
9.89641243615938e-14 1.36139891228654e-07 0.297274599614842 0.277097236007877 0.236424643103097 0.0791586562486764 0.0624050028930894 0.0320763382535295 0.0155633877388988
1.7398469169933e-13 2.4606751475697e-07 0.20509923725364 0.376247185188726 0.246806996896351 0.0935904532578155 0.0239589412158047 0.0260690079358283 0.0282279321841452
9.82747002068672e-14 7.01270793081044e-07 0.365114104911097 0.317400693377903 0.158188520968015 0.0629487286715926 0.0586482515719677 0.0133037962551051 0.0243952029734291
8.6181654624773e-14 2.5014078579865e-07 0.422539219118218 0.276431266169686 0.159779557342311 0.0810398856273155 0.0244680851761106 0.019829917025682 0.0159118193998049
1.36377659782913e-13 1.6210870180489e-07 0.290536851177805 0.463741404840308 0.130057333728633 0.0653001606050795 0.0309709504376907 0.00792588760548891 0.011467249496157
3.45963748823209e-14 5.80290276957196e-07 0.212915478080743 0.412952325888166 0.25228931661744 0.070550220507554 0.0250415710109202 0.0139092390781794 0.0123412685266865
1.51820629036565e-13 7.37540884940574e-08 0.386596827120225 0.274680536586703 0.190663057879303 0.101429760845702 0.0291867345027972 0.0096911808931094 0.0077518284179208
1.241890788093e-13 4.47037019771454e-07 0.0772319104819795 0.703245912769891 0.102916875350218 0.072073536733039 0.0269095679152164 0.00869567298949176 0.00892607672302072
3.10768011861543e-13 2.03321688976505e-07 0.581492956515726 0.0733943052356209 0.25657205903159 0.0344679506553439 0.0330288720387224 0.0145596853874208 0.00648396781357601
4.1802782662895e-13 6.24855862046664e-07 0.36149646870045 0.44061843539977 0.0527030500634089 0.106643580794131 0.014226453153011 0.0169367682887601 0.00737461874418966
3.210119760258e-13 3.37908998981397e-07 0.574879928704254 0.226146794519945 0.109667422492477 0.0216475539897054 0.053042064901654 0.008707508018705 0.00590838946393933
1.04855026575731e-13 6.01438485332158e-07 0.396967831011464 0.431574537759263 0.0762395308220455 0.0679619301997471 0.00768863558666254 0.0139832810744228 0.00558365210780476
1.19785760444712e-13 1.31572073118505e-07 0.494773779396186 0.277626187013459 0.17913598422168 0.0259523778556964 0.0153194828895375 0.00228935802721603 0.00490269902403216
1.5813593870374e-13 5.36740290115762e-07 0.221628392011918 0.548813832257848 0.12661250378082 0.0778170705807577 0.014598182867181 0.00783675388476027 0.00269272787626665
9.538820325152e-14 3.96805751777286e-07 0.297008658411641 0.240910974264585 0.273261485385223 0.130460826099111 0.0441479951852432 0.0065956583741656 0.00761400547418348
4.86368158234898e-14 2.05777276243759e-07 0.431592697971539 0.345957598051617 0.087723079767553 0.0978847716115801 0.020869627567516 0.0117970362751078 0.00417498297776166
1.96797912458709e-13 1.49316402006416e-07 0.201328096622209 0.471868605056371 0.216512651890891 0.0507289735870175 0.0380663619859385 0.0141165371748034 0.00737862436617139
1.04974509869794e-13 4.2164483011534e-07 0.225098968585133 0.3607173783943 0.29415718150905 0.0748604252746363 0.0246495703132322 0.0151961900443028 0.00531986423441046
2.07301218307282e-13 2.7790290806388e-07 0.399936585927404 0.295143818271809 0.165665716363192 0.0946448476295606 0.0296360456142321 0.00678481323057044 0.00818789506011638
9.78185167624737e-13 4.33966782816182e-07 0.412734212391941 0.354438320670854 0.070297156666807 0.0948135332534046 0.0510477675274172 0.0107469901212641 0.00592158540055126
3.87695734837285e-14 1.15044643809652e-06 0.387305195681385 0.353561865840899 0.159031835406999 0.0399908029536626 0.0358560784055461 0.0187959238942684 0.00545714737076232
4.60535469212452e-14 8.01164447648129e-08 0.571311312305511 0.280750521325597 0.0799355615194068 0.0386318970347766 0.0128611266191192 0.00846884406057155 0.00804065701852741
8.46343661429924e-14 1.81531100830688e-07 0.109312487336875 0.496116241429597 0.287886645271071 0.0677462146117847 0.026313927567841 0.0061573990928233 0.00646690315882263
8.23641356233784e-14 3.4758482007952e-07 0.24321117291937 0.222744177578529 0.361790686568294 0.102013295107957 0.0449483521924528 0.0169422044863679 0.00834976356212626
7.5866615322236e-15 2.07700846812181e-07 0.476225087275687 0.198047090605771 0.124345694369515 0.135088353489828 0.0381630143971768 0.0182515380077089 0.00987901415345848
3.86665964725078e-13 4.55780541618582e-08 0.299158680971309 0.401145721441305 0.161449637777204 0.0375139294698245 0.06406373185483 0.0221280691502404 0.0145401837568462
1.37739771898595e-13 1.28508656272128e-06 0.064744434236619 0.501621242523603 0.233858269634912 0.117803969485211 0.0376701334245022 0.0253063297122458 0.0189943358962066
3.27538516148779e-13 1.01236709153247e-07 0.642980734040279 0.0416392827881686 0.181925106710696 0.0809742141439449 0.0296562541921816 0.00658719959830491 0.0162371072893881
2.97829486751735e-13 9.5023617027844e-07 0.0960432156190642 0.761445114879946 0.0280731648515824 0.065321512003001 0.0253617598893428 0.0138375688658527 0.00991671365474227
1.33982298135709e-13 3.981777170072e-07 0.452404254550393 0.112002218826465 0.368858945338831 0.0158421692846237 0.0338183324479693 0.0120050376282249 0.00506864374564287
1.05417230935473e-13 1.95958330556949e-07 0.329937991783209 0.551799141080081 0.0412375010301503 0.0617536890181289 0.00373606148699905 0.00834464320345231 0.00319077643954288
# Survey age proportions (nT,nAges)
-1 -1 -1 -1 -1 -1 -1 -1 -1
-1 -1 -1 -1 -1 -1 -1 -1 -1
-1 -1 -1 -1 -1 -1 -1 -1 -1
-1 -1 -1 -1 -1 -1 -1 -1 -1
-1 -1 -1 -1 -1 -1 -1 -1 -1
-1 -1 -1 -1 -1 -1 -1 -1 -1
-1 -1 -1 -1 -1 -1 -1 -1 -1
-1 -1 -1 -1 -1 -1 -1 -1 -1
-1 -1 -1 -1 -1 -1 -1 -1 -1
-1 -1 -1 -1 -1 -1 -1 -1 -1
-1 -1 -1 -1 -1 -1 -1 -1 -1
-1 -1 -1 -1 -1 -1 -1 -1 -1
-1 -1 -1 -1 -1 -1 -1 -1 -1
-1 -1 -1 -1 -1 -1 -1 -1 -1
-1 -1 -1 -1 -1 -1 -1 -1 -1
-1 -1 -1 -1 -1 -1 -1 -1 -1
-1 -1 -1 -1 -1 -1 -1 -1 -1
-1 -1 -1 -1 -1 -1 -1 -1 -1
-1 -1 -1 -1 -1 -1 -1 -1 -1
-1 -1 -1 -1 -1 -1 -1 -1 -1
-1 -1 -1 -1 -1 -1 -1 -1 -1
-1 -1 -1 -1 -1 -1 -1 -1 -1
-1 -1 -1 -1 -1 -1 -1 -1 -1
-1 -1 -1 -1 -1 -1 -1 -1 -1
-1 -1 -1 -1 -1 -1 -1 -1 -1
-1 -1 -1 -1 -1 -1 -1 -1 -1
-1 -1 -1 -1 -1 -1 -1 -1 -1
-1 -1 -1 -1 -1 -1 -1 -1 -1
-1 -1 -1 -1 -1 -1 -1 -1 -1
-1 -1 -1 -1 -1 -1 -1 -1 -1
-1 -1 -1 -1 -1 -1 -1 -1 -1
-1 -1 -1 -1 -1 -1 -1 -1 -1
-1 -1 -1 -1 -1 -1 -1 -1 -1
-1 -1 -1 -1 -1 -1 -1 -1 -1
-1 -1 -1 -1 -1 -1 -1 -1 -1
-1 -1 -1 -1 -1 -1 -1 -1 -1
-1 -1 -1 -1 -1 -1 -1 -1 -1
-1 -1 -1 -1 -1 -1 -1 -1 -1
-1 -1 -1 -1 -1 -1 -1 -1 -1
-1 -1 -1 -1 -1 -1 -1 -1 -1
-1 -1 -1 -1 -1 -1 -1 -1 -1
-1 -1 -1 -1 -1 -1 -1 -1 -1
-1 -1 -1 -1 -1 -1 -1 -1 -1
-1 -1 -1 -1 -1 -1 -1 -1 -1
-1 -1 -1 -1 -1 -1 -1 -1 -1
-1 -1 -1 -1 -1 -1 -1 -1 -1
-1 -1 -1 -1 -1 -1 -1 -1 -1
-1 -1 -1 -1 -1 -1 -1 -1 -1
-1 -1 -1 -1 -1 -1 -1 -1 -1
-1 -1 -1 -1 -1 -1 -1 -1 -1
-1 -1 -1 -1 -1 -1 -1 -1 -1
-1 -1 -1 -1 -1 -1 -1 -1 -1
-1 -1 -1 -1 -1 -1 -1 -1 -1
-1 -1 -1 -1 -1 -1 -1 -1 -1
-1 -1 -1 -1 -1 -1 -1 -1 -1
-1 -1 -1 -1 -1 -1 -1 -1 -1
-1 -1 -1 -1 -1 -1 -1 -1 -1
-1 -1 -1 -1 -1 -1 -1 -1 -1
-1 -1 -1 -1 -1 -1 -1 -1 -1
-1 -1 -1 -1 -1 -1 -1 -1 -1
-1 -1 -1 -1 -1 -1 -1 -1 -1
-1 -1 -1 -1 -1 -1 -1 -1 -1
-1 -1 -1 -1 -1 -1 -1 -1 -1
# nQlevels 
10 
# Qlevel 
0 4.168093 8.336186 12.50428 16.67237 20.84046 25.00856 29.17665 33.34474 37.51284 
