## assessCA model parameter and state variable estimates
## Model dimensions
# nT
83
# nAges
9

## Parameter estimates
# initN_mult
 0.945016 1.48652 1.84179 0.689619 0.323348 0.392549 0.472413 0.4818 1.26491
# logit.ySteepness
0.664256
# rSteepness
0.738627
# rec.a
155.229
# rec.b
0.0601057
# R0
2354.13
# B0
171.428
# M
0.54271
# aSel50
3.06589
# aSel95
5.02536
# aSelS50
60.0219
# aSelS95
150.039
# omega
 0 0 0 0 0 0 0 0 0 0 0 0 0 0 0 0 0 0 0 0 0 0 0 0 0 0 0 0 0 0 0 0 0 0 0 0 0 0 0 0 0 0 0 0 0 0 0 0 0 0 0 0 0 0 0 0 0 0 0 0 0 0 0 0 0 0 0 0 0 0 0 0 0 0 0 0 0 0 0 0
# Rt
 2224.69 2286.58 2343.06 2325.73 2335.45 2312.33 2305.73 2156.36 2132 2189.33 2150.43 2210.67 2147.19 2195.45 2124.02 2067.44 2123.85 2136.36 2193.64 2247.14 2283.79 2305.62 2315.84 2313.08 2312.36 2299.2 2295.81 2289 2289.69 2288.8 2311.55 2325.39 2329.34 2328.44 2331.01 2332.47 2336.16 2340.01 2342.42 2343.3 2335.81 2329.24 2326.36 2328.44 2327.6 2324.97 2325.22 2330.66 2335.18 2332.6 2329.14 2329.04 2331.34 2335.84 2340.14 2342.88 2344.09 2345.34 2347.83 2349.84 2351.2 2352.09 2352.7 2353.13 2353.43 2352.26 2352.8 2348.32 2343.22 2338.47 2336.19 2335.16 2332.44 2329.51 2323.46 2319.12 2315.69 2314.58 2313.44 2309.93 2311.39 2311.72 2317.11
# Mt
 0.54271 0.54271 0.54271 0.54271 0.54271 0.54271 0.54271 0.54271 0.54271 0.54271 0.54271 0.54271 0.54271 0.54271 0.54271 0.54271 0.54271 0.54271 0.54271 0.54271 0.54271 0.54271 0.54271 0.54271 0.54271 0.54271 0.54271 0.54271 0.54271 0.54271 0.54271 0.54271 0.54271 0.54271 0.54271 0.54271 0.54271 0.54271 0.54271 0.54271 0.54271 0.54271 0.54271 0.54271 0.54271 0.54271 0.54271 0.54271 0.54271 0.54271 0.54271 0.54271 0.54271 0.54271 0.54271 0.54271 0.54271 0.54271 0.54271 0.54271 0.54271 0.54271 0.54271 0.54271 0.54271 0.54271 0.54271 0.54271 0.54271 0.54271 0.54271 0.54271 0.54271 0.54271 0.54271 0.54271 0.54271 0.54271 0.54271 0.54271 0.54271 0.54271 0.54271
# kappa
1.59009
# tau
0.50283
# sigmaR
1.50849
# q
0.575467
# q1
0.544416
# q2
0.575467

## Derived variables
# spawnBt
 128.517 162.741 150.637 157.218 142.346 138.553 84.1689 78.7183 92.6215 82.7862 98.8899 82.0454 94.3466 77.0598 66.7696 77.0258 79.6519 93.8313 111.447 127.159 138.492 144.435 142.786 142.364 134.979 133.184 129.709 130.056 129.612 141.889 150.416 153.021 152.424 154.145 155.142 157.713 160.485 162.258 162.916 157.47 152.952 151.049 152.419 151.864 150.141 150.305 153.908 157.023 155.234 152.889 152.822 154.374 157.49 160.576 162.603 163.511 164.46 166.384 167.967 169.046 169.768 170.264 170.612 170.856 169.906 170.339 166.763 162.862 159.368 157.738 157.012 155.122 153.134 149.171 146.438 144.347 143.68 143.002 140.946 141.793 141.987 145.208 147.706
# exploitBt
 143.392 169.531 155.1 163.109 148.921 145.101 91.4673 85.9996 99.3222 89.2622 105.254 88.7863 100.891 83.9087 73.7267 83.7915 86.0521 100.011 117.54 133.137 144.575 150.645 149.139 148.774 141.491 139.694 136.228 136.522 136.065 148.139 156.544 159.19 158.722 160.458 161.43 163.962 166.707 168.473 169.147 163.797 159.347 157.442 158.743 158.171 156.48 156.649 160.186 163.25 161.512 159.233 159.167 160.67 163.73 166.785 168.809 169.735 170.691 172.596 174.162 175.239 175.966 176.465 176.813 177.058 176.124 176.552 173.022 169.171 165.711 164.068 163.321 161.441 159.475 155.559 152.848 150.759 150.071 149.384 147.351 148.181 148.359 151.528 153.997
# exploitBtS
 38.3346 38.9978 34.4226 35.6387 33.4821 32.9757 24.2168 23.3084 25.2894 23.3168 26.0788 23.2939 25.431 22.5106 20.8205 22.47 22.639 25.0064 27.9629 30.59 32.5716 33.6733 33.5136 33.5198 32.3488 32.0755 31.4885 31.5219 31.4247 33.3938 34.7093 35.1413 35.1158 35.439 35.6011 36.0112 36.4516 36.736 36.8515 35.9944 35.2991 34.9962 35.1915 35.0741 34.797 34.8324 35.4027 35.8822 35.5962 35.2497 35.2538 35.4902 35.9737 36.4588 36.7863 36.9444 37.1099 37.4236 37.6748 37.8494 37.9709 38.0558 38.115 38.1564 38.0065 38.0806 37.5068 36.8951 36.3417 36.0723 35.9386 35.6219 35.3024 34.6668 34.2308 33.8852 33.7626 33.6383 33.3008 33.4393 33.4576 33.9699 34.3613
# Ft
 0 0.28832 0.0075747 0.174305 0.122827 0.662322 0.478742 0.212761 0.481701 0.107782 0.508703 0.176117 0.557116 0.605677 0.325018 0.390325 0.150429 0.0311015 0 0.00236906 0.0284579 0.0893573 0.0847678 0.159825 0.131066 0.158679 0.131017 0.138453 1.69095e-05 0.00594101 0.0354273 0.0548093 0.0355147 0.0394739 0.0220929 0.0131873 0.0144146 0.0189748 0.0711574 0.0787343 0.0701513 0.0466595 0.0611683 0.0726001 0.0595236 0.0269576 0.0218436 0.0571317 0.0660931 0.0526421 0.0390338 0.0201136 0.0113849 0.0118804 0.0157189 0.0126388 0.00172067 0 0 0 0 0 0 0.00954576 0 0.0335609 0.0456392 0.0538087 0.048271 0.0455661 0.0584604 0.0645968 0.0894418 0.0907203 0.0944557 0.0878956 0.0903559 0.106057 0.0833764 0.0879356 0.0563091 0.0535332 0
# D
1.14931
# projSpawnBio
154.811
# projExpBio
160.88
# projExpBioS
34.3613
# trendBio
0.000592926

## Priors
# pmSteepness
0.8
# psdSteepness
0.08
# pmM
0.5
# psdM
0.05

## Minimization properties
# eiv_nll
127.078
# age_nll
816.125
# steepness_nlp
8.8226
# objFun
940.748
# maxGrad
8.61592e-05
# iExit
1
# nEval
-2

## Life history schedules
# len
 10.34 17.5605 22.2575 25.3129 27.3005 28.5934 29.4345 29.9816 30.3375
# wt
 0.00669296 0.0350653 0.0735816 0.110018 0.139353 0.161049 0.176331 0.186784 0.193805
# mat
 0.00680752 0.0619228 0.38865 0.859599 0.983323 0.998242 0.999817 0.999981 0.999998
# sel
 0.0429285 0.167748 0.475269 0.802764 0.948159 0.987979 0.9973 0.999398 0.999866

## Input data
# katch
 18.129 48.8791 1.17484 28.4308 18.2915 96.1035 43.7892 18.2974 47.8436 9.62089 53.5432 15.6368 56.2079 50.8216 23.9625 32.706 12.9447 3.11049 0 0.315409 4.1143 13.4612 12.6422 23.7778 18.5447 22.1666 17.8481 18.9019 0.00230079 0.880096 5.54592 8.72512 5.63697 6.33389 3.56647 2.16221 2.40301 3.19674 12.036 12.8964 11.1784 7.34617 9.71002 11.4833 9.31424 4.22287 3.49904 9.32675 10.6748 8.38237 6.2129 3.23167 1.86406 1.98146 2.6535 2.14524 0.293703 0 0 0 0 0 0 1.69016 0 5.92522 7.89659 9.10287 7.99902 7.47594 9.54782 10.4286 14.2637 14.1124 14.4373 13.2511 13.5598 15.8432 12.2856 13.0304 8.35398 8.11176 0
# lastDt
0
# ItScaled
 22.2308 45.4416 37.3684 126.424 33.0356 82.6338 38.3022 17.4372 31.5317 33.6536 35.7475 37.6179 92.9354 24.905 28.0215 12.2394 6.10935 6.74334 17.5275 16.5933 22.5353 46.1805 23.2777 27.5711 26.8304 88.6031 44.8426 35.1509 20.6967 24.9493 58.5655 71.5786 60.5631 77.2225 16.438 19.2968 26.0223 35.1494 50.3497 85.7514 36.5165 33.6632 51.3962 46.7017 24.2162 34.8599 69.9592 43.7896 79.1801 46.2745 65.2212 44.8592 17.9808 20.0944 38.0223 21.7514 14.3457 7.37701 10.9512 14.4076 16.61 13.5944 14.7915 28.5298 26.7123 81.8207 47.4256 21.8626 33.9884 55.5372 45.8254 128.245 73.3484 66.0597 58.4327 59.7236 92.5326 44.6542 52.8463 22.3215 22.6852 18.7657 12.2474
# obsPropAge
 0.00043047 0.0221353 0.375368 0.233566 0.0882507 0.0696394 0.055383 0.0275861 0.127641
 0.00138425 0.0223738 0.230022 0.50111 0.111541 0.0286019 0.0225366 0.0100952 0.0723348
 0.0204207 0.0263981 0.192852 0.388007 0.260402 0.0587061 0.0111216 0.00877253 0.0333201
 0.00184576 0.088907 0.136905 0.202166 0.297502 0.204622 0.0321965 0.00508782 0.0307675
 0.00168869 0.0267117 0.548543 0.18129 0.0595702 0.0973753 0.0606873 0.0146302 0.00950338
 0.00342451 0.0140408 0.0740881 0.669341 0.124402 0.0388866 0.0441538 0.0218827 0.00978022
 0.00512566 0.0903717 0.166132 0.174928 0.478726 0.048353 0.0118306 0.0115121 0.013022
 0.00380782 0.0643165 0.477675 0.205769 0.0765084 0.145504 0.00943366 0.00364605 0.0133395
 0.000250651 0.0694199 0.358201 0.416378 0.107848 0.0150984 0.0265452 0.00321547 0.00304375
 0.00167852 0.00314002 0.450516 0.344326 0.153641 0.0275869 0.00519347 0.012135 0.00178275
 0.00508141 0.0135307 0.0194683 0.642729 0.217315 0.077294 0.0174105 0.00283128 0.00433918
 0.01051 0.180954 0.219806 0.113813 0.272367 0.142182 0.0453053 0.00949911 0.00556319
 0.00285657 0.0555617 0.512232 0.228748 0.0381725 0.103602 0.0470727 0.00914994 0.00260355
 0.00223663 0.0627413 0.361973 0.405722 0.0934293 0.0126083 0.0388142 0.0135338 0.0089418
 0.0061305 0.026909 0.251688 0.525357 0.150333 0.0259707 0.00364552 0.00665239 0.00331437
 0.0292525 0.0527297 0.202237 0.477941 0.168924 0.0547744 0.00928476 0.00204202 0.00281463
 0.00405596 0.563901 0.240119 0.127071 0.0524429 0.00849136 0.00301671 0.000586121 0.000316346
 0.00123097 0.0246588 0.926201 0.0351664 0.0102528 0.00201642 0.000357939 7.60128e-05 4.01031e-05
 0.00810291 0.0201792 0.104036 0.839262 0.0214683 0.00574154 0.000992767 0.000164316 5.34498e-05
 0.0017668 0.0429766 0.0980586 0.160185 0.679776 0.0142423 0.0025587 0.000330329 0.000106369
 0.0047288 0.0200037 0.275002 0.15967 0.0933424 0.434429 0.0101753 0.00200078 0.000648716
 0.00168391 0.0718193 0.151525 0.483588 0.111601 0.0398725 0.132056 0.0065199 0.00133487
 0.00245455 0.0207773 0.35293 0.259868 0.171873 0.0664708 0.0223507 0.100938 0.00233706
 0.00152415 0.0273629 0.120326 0.508531 0.141732 0.124825 0.0267913 0.0115286 0.0373796
 0.000869392 0.0344509 0.191063 0.382257 0.203993 0.0935362 0.0600693 0.00890773 0.0248534
 0.000857209 0.023965 0.200927 0.417681 0.168677 0.0876437 0.0583982 0.0263253 0.0155255
 0.000740482 0.00916431 0.0949733 0.507398 0.214851 0.0839912 0.057364 0.0161973 0.0153207
 0.000682279 0.0176708 0.0935761 0.238943 0.30315 0.1902 0.0882885 0.0392412 0.0282482
 0.0270727 0.0131642 0.205301 0.300418 0.172724 0.160339 0.0589152 0.0454902 0.0165756
 0.00110386 0.174188 0.0651655 0.289204 0.215577 0.0830596 0.108952 0.0336458 0.0291032
 0.000405954 0.00535631 0.659739 0.0801262 0.11394 0.0544615 0.038079 0.0285521 0.0193397
 6.84206e-05 0.00577902 0.0298391 0.797764 0.0622027 0.0505318 0.0283668 0.0100017 0.0154469
 0.000232357 0.00199486 0.0431784 0.0879616 0.760588 0.0308417 0.0323454 0.0191464 0.023711
 0.000941148 0.0072712 0.0196074 0.160152 0.0891442 0.610984 0.026616 0.046911 0.0383735
 0.00220994 0.0110704 0.0761088 0.0406516 0.162396 0.104672 0.515577 0.0227395 0.0645739
 0.00219006 0.0257641 0.171181 0.106214 0.0508107 0.13859 0.0943303 0.358124 0.0527969
 0.0162532 0.0371783 0.222372 0.259558 0.102106 0.0447002 0.0738958 0.0447643 0.199173
 0.00150678 0.170105 0.15082 0.216533 0.23817 0.0632098 0.0252844 0.0426125 0.0917577
 0.000178365 0.00994695 0.576243 0.131206 0.126375 0.0838463 0.0211989 0.0080312 0.0429732
 0.000663145 0.00322683 0.0412489 0.759542 0.0955435 0.0418216 0.0329512 0.00853354 0.0164694
 0.00160235 0.0109985 0.031729 0.119015 0.633718 0.111543 0.0328904 0.0343213 0.0241823
 0.000246937 0.0436963 0.0998336 0.0696182 0.110462 0.545178 0.0573698 0.0178845 0.0557105
 0.00057239 0.00472809 0.243524 0.222703 0.0623526 0.0827896 0.293264 0.0414617 0.0486048
 0.000210823 0.00866371 0.0446378 0.496104 0.159909 0.0489917 0.0318221 0.166749 0.0429122
 0.0020135 0.00448113 0.070744 0.0907859 0.581811 0.0785639 0.030138 0.0229445 0.118518
 0.00976881 0.0201829 0.0435008 0.229242 0.0767519 0.44844 0.100585 0.0164428 0.0550865
 0.00257143 0.0792025 0.140868 0.072369 0.240844 0.113154 0.240836 0.040441 0.0697134
 0.000144144 0.0165959 0.51118 0.124064 0.0311262 0.122649 0.0319067 0.131507 0.0308265
 0.000712917 0.00357578 0.14365 0.533154 0.129673 0.0210271 0.0506488 0.0155639 0.101994
 0.000131627 0.0118378 0.0190471 0.361819 0.408266 0.0924064 0.0240243 0.0330036 0.0494643
 0.0011026 0.00263334 0.0673918 0.0900431 0.27426 0.402012 0.0614223 0.0161124 0.0850228
 0.0040681 0.0167225 0.0222235 0.29463 0.0648285 0.307774 0.168855 0.0467345 0.0741641
 0.00118847 0.0744502 0.137008 0.0444781 0.204117 0.0534264 0.209012 0.183061 0.0932591
 0.00338472 0.00757584 0.300288 0.171265 0.0342353 0.161728 0.0370344 0.158704 0.125785
 0.000794046 0.0388681 0.0588377 0.575417 0.14269 0.0187265 0.0514862 0.0187067 0.0944732
 0.00301273 0.0137638 0.23686 0.0917409 0.462816 0.0831881 0.0151011 0.0396086 0.0539088
 0.00199979 0.0332435 0.0593105 0.544638 0.0939876 0.158867 0.0476476 0.00956142 0.0507438
 0.00895838 0.0203804 0.185534 0.176699 0.305032 0.0785492 0.174966 0.0318319 0.0180485
 0.00268242 0.0692217 0.0940222 0.330551 0.122414 0.228624 0.0475179 0.0707438 0.0342232
 0.00569802 0.0276625 0.450747 0.126206 0.171203 0.0607433 0.109871 0.0124072 0.0354611
 0.00104455 0.0662566 0.139166 0.477545 0.0820372 0.125136 0.0327629 0.0538404 0.0222118
 0.00344701 0.0106048 0.235427 0.221419 0.392739 0.0346045 0.0591299 0.0172954 0.0253328
 0.00119262 0.0473625 0.0717157 0.362006 0.158895 0.267258 0.0252012 0.0427942 0.0235748
 0.00265631 0.0129259 0.423196 0.0987573 0.245416 0.0682097 0.108373 0.0139735 0.0264924
 0.000425437 0.0719678 0.0746315 0.435489 0.0715859 0.201946 0.0540997 0.0686072 0.0212472
 0.000538522 0.00450608 0.241779 0.165411 0.305056 0.0600641 0.125816 0.0324242 0.064405
 0.00188875 0.0170285 0.0384065 0.408951 0.198536 0.192212 0.0301281 0.0777637 0.0350867
 0.00107671 0.0508347 0.106749 0.110103 0.432656 0.0517081 0.151459 0.0243603 0.0710532
 0.00115992 0.0228794 0.337582 0.162712 0.0853741 0.187064 0.0621467 0.0872338 0.0538479
 0.00162987 0.0286339 0.116449 0.49041 0.109717 0.041941 0.134743 0.0184072 0.0580679
 0.00274814 0.0199393 0.139121 0.35527 0.306788 0.074573 0.0274622 0.0399608 0.0341373
 0.00107846 0.0232276 0.165803 0.201362 0.263148 0.233618 0.0504073 0.0172707 0.044085
 0.00128511 0.019455 0.138776 0.370366 0.217112 0.108976 0.0861356 0.0262406 0.0316537
 0.0016728 0.0192242 0.14519 0.284447 0.232965 0.100375 0.0867016 0.0870296 0.0423953
 0.00250648 0.0112055 0.18432 0.272858 0.214934 0.145411 0.0484052 0.0382817 0.0820785
 0.000797479 0.0287396 0.0809245 0.327427 0.200965 0.183384 0.0636738 0.0388038 0.0752856
 0.00414768 0.0108906 0.242854 0.173018 0.248407 0.133652 0.0657209 0.0476342 0.0736754
 0.000566911 0.0492739 0.0749849 0.356631 0.134724 0.173502 0.101581 0.0481484 0.0605887
 0.00225461 0.0097419 0.37887 0.0940564 0.211897 0.137645 0.0720823 0.0411134 0.0523394
 0.001444 0.0263288 0.0739363 0.661185 0.0622573 0.0809168 0.0289149 0.0313013 0.0337154
 0.00274888 0.0111728 0.269129 0.147988 0.48255 0.0249022 0.0220871 0.0130133 0.0264082
 0.00469956 0.0575216 0.156616 0.524129 0.079815 0.130411 0.0113052 0.0135802 0.0219226
 0.00326942 0.0511073 0.449604 0.180831 0.220874 0.0404734 0.0397146 0.00499974 0.00912587
# predPropAge
 0.00445769 0.083429 0.35716 0.196281 0.0800189 0.067987 0.0525541 0.0330659 0.125046
 0.00387528 0.0446166 0.23865 0.416746 0.129696 0.0416891 0.0323226 0.0239651 0.0684388
 0.00434045 0.0497742 0.160354 0.330399 0.304389 0.0720916 0.0209317 0.0155285 0.0421917
 0.0040968 0.0490911 0.163329 0.222995 0.271504 0.201114 0.0437028 0.0121864 0.0319809
 0.00450588 0.0529884 0.18035 0.240812 0.182644 0.173722 0.117122 0.0243965 0.0234591
 0.00457873 0.0547324 0.184036 0.255815 0.193701 0.115912 0.100626 0.0650732 0.0255258
 0.00724281 0.0839648 0.266673 0.293618 0.165241 0.0800032 0.0408234 0.0334303 0.029004
 0.00720426 0.0897703 0.283783 0.32157 0.167171 0.0671663 0.0288039 0.013997 0.0205338
 0.00616743 0.073541 0.258987 0.32418 0.200742 0.080867 0.0295032 0.0121214 0.0138918
 0.00704707 0.0799619 0.259893 0.326131 0.192351 0.0849266 0.0302906 0.0105231 0.00887643
 0.00587017 0.0707779 0.230073 0.306925 0.219669 0.102498 0.0413357 0.0141441 0.00870752
 0.0071539 0.0809897 0.265175 0.303533 0.187166 0.0943463 0.038822 0.0148937 0.00792079
 0.00611481 0.0743389 0.238989 0.313841 0.199413 0.0960251 0.0440506 0.0173747 0.00985327
 0.00751762 0.0853865 0.279981 0.310089 0.181362 0.0791651 0.0333418 0.0145207 0.0086361
 0.00827748 0.0991508 0.301661 0.33306 0.157653 0.0614989 0.0232417 0.00926937 0.00618804
 0.00708921 0.0854467 0.285004 0.329396 0.188319 0.0671641 0.0235962 0.00852661 0.00545821
 0.00709133 0.0807556 0.26866 0.331758 0.191492 0.0808393 0.0258081 0.00865682 0.00493836
 0.0061375 0.0721276 0.234026 0.315026 0.21822 0.0988651 0.0380374 0.0116441 0.00591616
 0.00536221 0.062051 0.210946 0.287942 0.227238 0.126115 0.0523726 0.0193472 0.00862602
 0.00484947 0.0563256 0.189284 0.27334 0.221026 0.140403 0.0715167 0.0285245 0.0147307
 0.00453865 0.0531289 0.17915 0.25555 0.218441 0.142129 0.0828548 0.0405334 0.0236749
 0.0043974 0.0517617 0.175335 0.248936 0.208367 0.142759 0.0851508 0.0476629 0.0356301
 0.00446149 0.052646 0.177947 0.248904 0.202943 0.13482 0.084446 0.0483329 0.0454991
 0.00446712 0.0530196 0.179758 0.251272 0.202181 0.130937 0.0795402 0.0478093 0.0510155
 0.0046956 0.0555022 0.187461 0.256344 0.200244 0.126236 0.0744689 0.0433717 0.0516768
 0.00472894 0.0562688 0.18997 0.261322 0.201997 0.124306 0.0714924 0.04045 0.0494643
 0.0048421 0.0573036 0.194062 0.264356 0.203312 0.123156 0.06904 0.03807 0.0458576
 0.00481734 0.057164 0.193229 0.26652 0.205231 0.124346 0.0687179 0.0369472 0.0430273
 0.00483497 0.0571674 0.193575 0.265835 0.206665 0.125196 0.0691761 0.0366624 0.0408872
 0.00443918 0.052838 0.181427 0.260958 0.212293 0.132846 0.0738608 0.0391971 0.0421407
 0.0042426 0.049969 0.172594 0.251278 0.213688 0.139806 0.0802745 0.0428642 0.0452836
 0.00419704 0.0495639 0.168775 0.244915 0.208735 0.142125 0.0852168 0.0469789 0.0494929
 0.00421657 0.0499659 0.170181 0.241976 0.204176 0.138902 0.0866013 0.0498448 0.0541367
 0.00416936 0.0495506 0.16976 0.242908 0.202181 0.136589 0.0851581 0.0509764 0.0587077
 0.0041488 0.0492247 0.169051 0.243014 0.203275 0.135381 0.0838047 0.0501633 0.0619379
 0.0040873 0.0485543 0.166836 0.241725 0.20434 0.137133 0.0837469 0.0497809 0.0637963
 0.00402635 0.0478029 0.164639 0.239329 0.204522 0.138896 0.0855045 0.050146 0.0651342
 0.00399073 0.0473742 0.163044 0.237475 0.203524 0.1397 0.0870232 0.0514461 0.0664223
 0.00397891 0.0472541 0.162518 0.236202 0.202521 0.139319 0.0876997 0.0524606 0.0680471
 0.00411041 0.0487381 0.166594 0.237993 0.199962 0.13649 0.0859135 0.0519058 0.068292
 0.0042117 0.0501016 0.170818 0.241938 0.199261 0.133114 0.0831087 0.0502038 0.0672424
 0.00425066 0.0505645 0.173146 0.245289 0.200913 0.131754 0.0805392 0.0482613 0.0652832
 0.00421063 0.0500597 0.171925 0.24646 0.203599 0.133289 0.0800658 0.046986 0.0634052
 0.00422961 0.0501471 0.171812 0.245888 0.204502 0.134712 0.0807309 0.0465485 0.0614305
 0.0042738 0.0507096 0.173011 0.246104 0.203508 0.134711 0.0811901 0.0466978 0.0597947
 0.00426437 0.0506652 0.173277 0.246483 0.203535 0.134244 0.0813516 0.0470636 0.0591159
 0.00417065 0.0495597 0.17042 0.245522 0.205041 0.135739 0.0820776 0.0477596 0.0597106
 0.00410194 0.0486455 0.167411 0.242889 0.205793 0.13789 0.0837057 0.0486025 0.0609625
 0.00415413 0.0492093 0.168263 0.241615 0.203666 0.13769 0.0844699 0.0492215 0.0617107
 0.00420893 0.049991 0.170551 0.24263 0.201776 0.135517 0.0838492 0.0493727 0.0621044
 0.00420443 0.0499855 0.171276 0.244161 0.202126 0.134222 0.0825526 0.0490328 0.0624389
 0.00416491 0.0494733 0.169975 0.244415 0.203713 0.13495 0.0821134 0.0484878 0.0627067
 0.00409111 0.0485861 0.167181 0.242475 0.205172 0.137238 0.083371 0.0487134 0.063172
 0.00402394 0.0477614 0.164488 0.23958 0.205072 0.13944 0.0855632 0.049918 0.0641536
 0.00398299 0.0472785 0.162723 0.237181 0.203845 0.140202 0.0874525 0.0515345 0.0658005
 0.00396591 0.0470995 0.16204 0.235757 0.202508 0.139771 0.0881731 0.0528158 0.0678707
 0.00394574 0.0468969 0.161486 0.235078 0.201766 0.139245 0.0881602 0.0534093 0.0700132
 0.00390426 0.0464248 0.160205 0.234209 0.201856 0.139421 0.0883021 0.0536949 0.0719825
 0.00387327 0.0460354 0.158967 0.233023 0.201806 0.140001 0.088748 0.0539855 0.073561
 0.00385277 0.0458012 0.158086 0.231887 0.201361 0.140368 0.0893731 0.0544139 0.0748582
 0.00383907 0.045651 0.1576 0.231069 0.200784 0.140342 0.0897888 0.0549082 0.0760181
 0.00382967 0.0455481 0.157289 0.23066 0.200338 0.140123 0.0898896 0.0552357 0.077087
 0.00382311 0.0454756 0.157069 0.230403 0.200155 0.139932 0.0898266 0.0553453 0.0779704
 0.00381852 0.0454246 0.156912 0.230217 0.20005 0.139887 0.0897569 0.0553392 0.0785953
 0.00383926 0.045655 0.157532 0.230475 0.199685 0.139475 0.089477 0.0551365 0.0787243
 0.00382806 0.045569 0.157367 0.230655 0.199905 0.139413 0.0893712 0.0550664 0.0788249
 0.00390703 0.0464085 0.159759 0.231925 0.199124 0.138216 0.0883448 0.0543764 0.0779389
 0.00398836 0.0474511 0.162747 0.234619 0.198685 0.136364 0.0867062 0.0532051 0.0762347
 0.00406282 0.0483327 0.165868 0.237621 0.199257 0.134713 0.0846647 0.0516773 0.073804
 0.00409518 0.0487223 0.167307 0.240245 0.200585 0.134402 0.0832272 0.0502146 0.0712012
 0.00410988 0.0488515 0.167824 0.241342 0.202164 0.13493 0.0828196 0.0492353 0.0687225
 0.00415593 0.049345 0.169085 0.242267 0.20232 0.135201 0.0826143 0.0486746 0.0663371
 0.00420225 0.049918 0.17073 0.243518 0.202181 0.134562 0.0823021 0.0482707 0.0643159
 0.00430261 0.0510601 0.174167 0.245973 0.201474 0.132758 0.0807776 0.0474087 0.0620786
 0.00436758 0.0518979 0.176823 0.248948 0.201808 0.131162 0.0790077 0.0461287 0.0598577
 0.0044198 0.0524717 0.178923 0.251311 0.20281 0.130369 0.0774439 0.0447614 0.05749
 0.00443353 0.0526288 0.179449 0.252795 0.20402 0.130707 0.0768179 0.0437886 0.0553605
 0.00445177 0.0527871 0.179912 0.253231 0.204791 0.131153 0.0768124 0.0433182 0.0535444
 0.00451098 0.0534536 0.181619 0.254212 0.204209 0.130691 0.0764558 0.0429596 0.0518887
 0.00447891 0.0531802 0.181092 0.254572 0.20508 0.130882 0.0765993 0.0430029 0.0511124
 0.00447634 0.0530251 0.180822 0.254379 0.205468 0.131402 0.0766723 0.0430594 0.0506958
 0.00438337 0.0520199 0.177689 0.252894 0.206761 0.133275 0.0780402 0.0437109 0.0512261
 0.00432313 0.0511991 0.17527 0.250088 0.207058 0.135155 0.0797776 0.0448432 0.0522853
# obsPropAgeS
 -1 -1 -1 -1 -1 -1 -1 -1 -1
 -1 -1 -1 -1 -1 -1 -1 -1 -1
 -1 -1 -1 -1 -1 -1 -1 -1 -1
 -1 -1 -1 -1 -1 -1 -1 -1 -1
 -1 -1 -1 -1 -1 -1 -1 -1 -1
 -1 -1 -1 -1 -1 -1 -1 -1 -1
 -1 -1 -1 -1 -1 -1 -1 -1 -1
 -1 -1 -1 -1 -1 -1 -1 -1 -1
 -1 -1 -1 -1 -1 -1 -1 -1 -1
 -1 -1 -1 -1 -1 -1 -1 -1 -1
 -1 -1 -1 -1 -1 -1 -1 -1 -1
 -1 -1 -1 -1 -1 -1 -1 -1 -1
 -1 -1 -1 -1 -1 -1 -1 -1 -1
 -1 -1 -1 -1 -1 -1 -1 -1 -1
 -1 -1 -1 -1 -1 -1 -1 -1 -1
 -1 -1 -1 -1 -1 -1 -1 -1 -1
 -1 -1 -1 -1 -1 -1 -1 -1 -1
 -1 -1 -1 -1 -1 -1 -1 -1 -1
 -1 -1 -1 -1 -1 -1 -1 -1 -1
 -1 -1 -1 -1 -1 -1 -1 -1 -1
 -1 -1 -1 -1 -1 -1 -1 -1 -1
 -1 -1 -1 -1 -1 -1 -1 -1 -1
 -1 -1 -1 -1 -1 -1 -1 -1 -1
 -1 -1 -1 -1 -1 -1 -1 -1 -1
 -1 -1 -1 -1 -1 -1 -1 -1 -1
 -1 -1 -1 -1 -1 -1 -1 -1 -1
 -1 -1 -1 -1 -1 -1 -1 -1 -1
 -1 -1 -1 -1 -1 -1 -1 -1 -1
 -1 -1 -1 -1 -1 -1 -1 -1 -1
 -1 -1 -1 -1 -1 -1 -1 -1 -1
 -1 -1 -1 -1 -1 -1 -1 -1 -1
 -1 -1 -1 -1 -1 -1 -1 -1 -1
 -1 -1 -1 -1 -1 -1 -1 -1 -1
 -1 -1 -1 -1 -1 -1 -1 -1 -1
 -1 -1 -1 -1 -1 -1 -1 -1 -1
 -1 -1 -1 -1 -1 -1 -1 -1 -1
 -1 -1 -1 -1 -1 -1 -1 -1 -1
 -1 -1 -1 -1 -1 -1 -1 -1 -1
 -1 -1 -1 -1 -1 -1 -1 -1 -1
 -1 -1 -1 -1 -1 -1 -1 -1 -1
 -1 -1 -1 -1 -1 -1 -1 -1 -1
 -1 -1 -1 -1 -1 -1 -1 -1 -1
 -1 -1 -1 -1 -1 -1 -1 -1 -1
 -1 -1 -1 -1 -1 -1 -1 -1 -1
 -1 -1 -1 -1 -1 -1 -1 -1 -1
 -1 -1 -1 -1 -1 -1 -1 -1 -1
 -1 -1 -1 -1 -1 -1 -1 -1 -1
 -1 -1 -1 -1 -1 -1 -1 -1 -1
 -1 -1 -1 -1 -1 -1 -1 -1 -1
 -1 -1 -1 -1 -1 -1 -1 -1 -1
 -1 -1 -1 -1 -1 -1 -1 -1 -1
 -1 -1 -1 -1 -1 -1 -1 -1 -1
 -1 -1 -1 -1 -1 -1 -1 -1 -1
 -1 -1 -1 -1 -1 -1 -1 -1 -1
 -1 -1 -1 -1 -1 -1 -1 -1 -1
 -1 -1 -1 -1 -1 -1 -1 -1 -1
 -1 -1 -1 -1 -1 -1 -1 -1 -1
 -1 -1 -1 -1 -1 -1 -1 -1 -1
 -1 -1 -1 -1 -1 -1 -1 -1 -1
 -1 -1 -1 -1 -1 -1 -1 -1 -1
 -1 -1 -1 -1 -1 -1 -1 -1 -1
 -1 -1 -1 -1 -1 -1 -1 -1 -1
 -1 -1 -1 -1 -1 -1 -1 -1 -1
 -1 -1 -1 -1 -1 -1 -1 -1 -1
 -1 -1 -1 -1 -1 -1 -1 -1 -1
 -1 -1 -1 -1 -1 -1 -1 -1 -1
 -1 -1 -1 -1 -1 -1 -1 -1 -1
 -1 -1 -1 -1 -1 -1 -1 -1 -1
 -1 -1 -1 -1 -1 -1 -1 -1 -1
 -1 -1 -1 -1 -1 -1 -1 -1 -1
 -1 -1 -1 -1 -1 -1 -1 -1 -1
 -1 -1 -1 -1 -1 -1 -1 -1 -1
 -1 -1 -1 -1 -1 -1 -1 -1 -1
 -1 -1 -1 -1 -1 -1 -1 -1 -1
 -1 -1 -1 -1 -1 -1 -1 -1 -1
 -1 -1 -1 -1 -1 -1 -1 -1 -1
 -1 -1 -1 -1 -1 -1 -1 -1 -1
 -1 -1 -1 -1 -1 -1 -1 -1 -1
 -1 -1 -1 -1 -1 -1 -1 -1 -1
 -1 -1 -1 -1 -1 -1 -1 -1 -1
 -1 -1 -1 -1 -1 -1 -1 -1 -1
 -1 -1 -1 -1 -1 -1 -1 -1 -1
 -1 -1 -1 -1 -1 -1 -1 -1 -1
# predPropAgeS
 0.0492062 0.242491 0.376953 0.126162 0.0447885 0.0375574 0.0295735 0.0190901 0.0741786
 0.0497151 0.150713 0.292725 0.311312 0.0843679 0.026765 0.0211386 0.0160798 0.047183
 0.0577141 0.174269 0.203864 0.255814 0.20523 0.0479723 0.0141885 0.0107992 0.0301489
 0.0553324 0.174585 0.210918 0.175375 0.185941 0.135937 0.0300905 0.00860847 0.0232126
 0.0591426 0.183135 0.226335 0.184051 0.12156 0.114113 0.0783691 0.0167481 0.0165474
 0.0594563 0.18714 0.228491 0.193427 0.127541 0.0753252 0.0666113 0.0441949 0.0178127
 0.0807297 0.24643 0.284197 0.190567 0.0933917 0.0446266 0.0231964 0.0194887 0.0173733
 0.0784422 0.257373 0.295435 0.20388 0.0922968 0.0365992 0.0159881 0.007971 0.0120151
 0.0714807 0.224431 0.286996 0.218781 0.117974 0.0469046 0.0174317 0.00734775 0.00865248
 0.0796133 0.237864 0.280727 0.21454 0.110188 0.0480153 0.017445 0.00621782 0.00538906
 0.0699166 0.221971 0.262005 0.212863 0.132667 0.0610949 0.0250981 0.00881097 0.00557342
 0.0804681 0.239872 0.285185 0.198804 0.106751 0.0531086 0.0222609 0.00876196 0.00478792
 0.0715894 0.229167 0.267521 0.213951 0.118381 0.0562613 0.0262908 0.010639 0.00619931
 0.0826948 0.247318 0.294469 0.19862 0.10116 0.0435804 0.018697 0.00835415 0.00510521
 0.0864984 0.272819 0.3014 0.202662 0.0835365 0.0321615 0.0123812 0.00506614 0.00347505
 0.078014 0.247594 0.299875 0.211073 0.105083 0.0369889 0.0132374 0.00490759 0.00322792
 0.0795441 0.238519 0.288136 0.216691 0.108917 0.0453798 0.0147578 0.00507874 0.00297688
 0.0724378 0.224153 0.26409 0.216501 0.130597 0.0583951 0.022886 0.0071878 0.00375242
 0.0665157 0.202674 0.250187 0.207982 0.142931 0.0782903 0.0331184 0.0125521 0.00575027
 0.0622861 0.19049 0.232447 0.204427 0.143948 0.0902471 0.0468262 0.0191616 0.0101676
 0.059451 0.183245 0.224369 0.194916 0.145088 0.0931698 0.0553268 0.0277692 0.0166655
 0.0580556 0.179939 0.221325 0.19137 0.139489 0.0943215 0.0573088 0.0329113 0.0252792
 0.0585908 0.182047 0.223437 0.190335 0.135141 0.088606 0.0565345 0.0331978 0.0321106
 0.0585102 0.182856 0.225116 0.19164 0.13428 0.0858273 0.0531099 0.0327517 0.035909
 0.0606094 0.188638 0.231352 0.192669 0.131061 0.0815437 0.0490014 0.02928 0.0358461
 0.0607778 0.190422 0.233443 0.195568 0.131641 0.0799526 0.046841 0.0271905 0.0341642
 0.0618195 0.192638 0.23689 0.196526 0.13162 0.0786877 0.0449343 0.0254209 0.0314631
 0.0615707 0.192379 0.236131 0.198351 0.133007 0.0795349 0.0447736 0.0246982 0.0295535
 0.0617799 0.19234 0.236493 0.19779 0.133901 0.0800578 0.0450603 0.0245014 0.0280762
 0.0581144 0.182136 0.22709 0.198926 0.140923 0.0870339 0.0492924 0.0268381 0.029647
 0.0564676 0.17512 0.219637 0.194742 0.144215 0.0931223 0.0544665 0.0298386 0.0323896
 0.0561072 0.174466 0.215724 0.190647 0.141493 0.0950837 0.0580747 0.032847 0.0355563
 0.0562434 0.175491 0.217039 0.187942 0.138096 0.0927213 0.0588873 0.0347736 0.0388063
 0.055709 0.174331 0.216872 0.188989 0.136981 0.0913339 0.0580052 0.0356239 0.0421549
 0.0555165 0.173441 0.216287 0.189352 0.137927 0.0906604 0.057168 0.0351078 0.0445404
 0.0549186 0.171783 0.214332 0.189122 0.13922 0.0922115 0.0573637 0.0349834 0.0460655
 0.0543409 0.169879 0.212452 0.188083 0.139965 0.093813 0.0588287 0.0353972 0.0472413
 0.0540092 0.168821 0.210977 0.187143 0.139668 0.0946179 0.0600395 0.0364154 0.0483089
 0.0538953 0.168537 0.210476 0.186298 0.139098 0.0944398 0.0605577 0.0371652 0.0495329
 0.0551994 0.17234 0.213906 0.186103 0.136164 0.0917297 0.058816 0.0364571 0.0492852
 0.0561068 0.175743 0.217574 0.187673 0.1346 0.0887448 0.0564403 0.0349793 0.0481392
 0.0564332 0.176764 0.219788 0.189624 0.135254 0.0875389 0.0545093 0.0335115 0.0465776
 0.0560507 0.175465 0.21882 0.191038 0.137428 0.0887946 0.0543333 0.0327129 0.0453583
 0.0562885 0.175725 0.218618 0.190544 0.138001 0.0897189 0.0547702 0.0323998 0.043934
 0.0567163 0.177195 0.219523 0.190174 0.136943 0.0894657 0.0549265 0.0324121 0.0426436
 0.0565946 0.177052 0.219875 0.190479 0.136969 0.0891608 0.0550392 0.032668 0.0421621
 0.0556889 0.174246 0.217571 0.190895 0.138825 0.0907049 0.0558695 0.0333536 0.0428463
 0.0550732 0.171974 0.214906 0.189888 0.140102 0.0926496 0.0572917 0.0341293 0.0439857
 0.0556233 0.173498 0.215416 0.188382 0.13828 0.0922656 0.0576586 0.0344706 0.0444053
 0.0561082 0.175475 0.217382 0.188338 0.136392 0.0904083 0.0569822 0.0344238 0.0444913
 0.0560186 0.175363 0.218191 0.189426 0.136557 0.089497 0.0560714 0.0341687 0.0447073
 0.055643 0.174038 0.217123 0.19014 0.138003 0.0902271 0.0559247 0.0338808 0.0450211
 0.0549493 0.171831 0.214695 0.189639 0.139734 0.0922475 0.0570849 0.0342205 0.0455977
 0.0543227 0.169776 0.212314 0.18833 0.140378 0.0942059 0.0588848 0.0352456 0.0465424
 0.0539383 0.168586 0.210693 0.187028 0.139976 0.0950174 0.0603734 0.0365009 0.0478867
 0.0537703 0.168145 0.210056 0.186124 0.139222 0.0948363 0.0609426 0.0374525 0.0494515
 0.0535581 0.167614 0.209578 0.185801 0.13887 0.0945878 0.0610034 0.0379167 0.051071
 0.0531375 0.166373 0.208474 0.185612 0.139306 0.0949621 0.0612659 0.0382219 0.0526486
 0.0528393 0.165363 0.207348 0.185105 0.139597 0.0955805 0.0617195 0.0385188 0.0539292
 0.0526406 0.164776 0.206516 0.184486 0.139504 0.0959786 0.06225 0.0388843 0.0549648
 0.0525024 0.164389 0.206075 0.184007 0.139235 0.0960507 0.0625981 0.0392743 0.0558687
 0.0524053 0.164117 0.205791 0.183792 0.139009 0.0959587 0.0627061 0.0395323 0.0566883
 0.0523374 0.163924 0.20559 0.183663 0.13894 0.0958676 0.0626883 0.0396272 0.0573619
 0.0522902 0.163789 0.205445 0.18357 0.138908 0.0958655 0.0626583 0.0396347 0.0578388
 0.0525032 0.164398 0.205979 0.183528 0.138468 0.0954543 0.0623785 0.0394362 0.0578555
 0.052375 0.164166 0.205861 0.183759 0.138686 0.0954569 0.0623344 0.0394048 0.057957
 0.0531883 0.166355 0.207945 0.183847 0.137454 0.0941648 0.0613106 0.0387166 0.0570192
 0.0539671 0.169063 0.210553 0.184857 0.136321 0.0923405 0.0598094 0.0376534 0.0554351
 0.0546701 0.171251 0.213402 0.186186 0.135957 0.0907173 0.0580778 0.0363696 0.0533703
 0.0549668 0.172197 0.214712 0.187768 0.136518 0.0902801 0.0569479 0.0352513 0.0513586
 0.0551173 0.172507 0.215193 0.188465 0.137476 0.0905583 0.0566209 0.0345344 0.0495285
 0.0555828 0.173774 0.216219 0.188671 0.137207 0.0904922 0.0563266 0.0340481 0.047679
 0.0560206 0.175224 0.217616 0.189032 0.136669 0.0897734 0.0559322 0.0336563 0.0460768
 0.0569761 0.178038 0.220516 0.189665 0.135284 0.0879793 0.0545301 0.0328349 0.0441774
 0.0575519 0.180069 0.222778 0.191015 0.134841 0.0864939 0.053073 0.0317913 0.0423874
 0.0580302 0.181404 0.224612 0.192133 0.135022 0.0856615 0.0518352 0.0307378 0.0405641
 0.0581549 0.181773 0.225057 0.193083 0.135698 0.0858013 0.0513671 0.0300411 0.0390243
 0.0583417 0.182156 0.225435 0.193242 0.136088 0.0860169 0.0513172 0.0296917 0.0377102
 0.0589042 0.18379 0.226752 0.193291 0.135212 0.0854044 0.0508946 0.0293395 0.0364121
 0.0585711 0.183117 0.226425 0.193847 0.135987 0.0856548 0.0510647 0.0294121 0.0359199
 0.0585761 0.182704 0.226236 0.193829 0.136335 0.0860515 0.0511472 0.0294702 0.0356506
 0.0577009 0.180307 0.22364 0.193844 0.138009 0.0877978 0.0523694 0.0300941 0.0362379
 0.0571767 0.1783 0.221638 0.192598 0.13886 0.089457 0.0537882 0.0310195 0.0371619
# biomass
 14.8897 71.3155 107.757 35.0602 12.1014 9.86739 7.55623 4.74423 17.933
 15.304 45.0908 85.1275 88.0099 23.1897 7.15358 5.49451 4.06526 11.604
 15.682 46.0215 52.3303 63.8357 49.7921 11.3175 3.25531 2.40993 6.54483
 15.566 47.7337 56.0537 45.3091 46.7061 33.2028 7.14763 1.98891 5.21709
 15.6311 47.0413 56.511 44.6731 28.6866 26.1857 17.4892 3.63534 3.49402
 15.4764 47.3432 56.1867 46.239 29.643 17.0236 14.6404 9.44788 3.70432
 15.4321 45.7832 51.3221 33.455 15.9405 7.40671 3.74411 3.05962 2.65327
 14.4324 46.0227 51.3504 34.4495 15.1627 5.84655 2.48383 1.20446 1.76614
 14.2694 43.543 54.1233 40.1092 21.0282 8.12962 2.93826 1.20465 1.37995
 14.6531 42.5494 48.8115 36.2636 18.1084 7.67297 2.71113 0.939883 0.792436
 14.3928 44.4099 50.9525 40.2423 24.3853 10.9196 4.36254 1.48963 0.916626
 14.7959 42.8666 49.538 33.5709 17.5264 8.47858 3.45619 1.32316 0.703352
 14.371 44.7106 50.733 39.4432 21.2189 9.80592 4.45634 1.754 0.994237
 14.694 42.711 49.4306 32.412 16.0499 6.72347 2.80524 1.21915 0.724741
 14.216 43.5776 46.7955 30.5886 12.2587 4.58927 1.71817 0.683811 0.456285
 13.8373 42.6814 50.2471 34.3819 16.6423 5.69626 1.98252 0.714888 0.457413
 14.2149 41.4264 48.6435 35.5627 17.3793 7.04103 2.22685 0.745386 0.425013
 14.2986 43.0024 49.2462 39.247 23.0177 10.0079 3.81447 1.16524 0.591761
 14.682 43.4788 52.1695 42.1603 28.1699 15.004 6.17254 2.27544 1.01404
 15.04 44.7041 53.024 45.333 31.0357 18.9203 9.54731 3.79997 1.96146
 15.2853 45.7897 54.4968 46.0237 33.3079 20.7984 12.0112 5.86367 3.42327
 15.4314 46.4844 55.5757 46.7148 33.1058 21.7676 12.8623 7.18451 5.36823
 15.4998 46.8059 55.8398 46.2419 31.9217 20.3516 12.6283 7.21269 6.78661
 15.4814 47.0227 56.2699 46.5675 31.724 19.7171 11.8656 7.11707 7.59081
 15.4766 46.8148 55.8085 45.182 29.8819 18.0786 10.5652 6.14041 7.31279
 15.3885 46.8585 55.8372 45.4743 29.7607 17.5761 10.0141 5.65403 6.9108
 15.3657 46.5362 55.6246 44.8609 29.2112 16.9814 9.43064 5.18932 6.24792
 15.3202 46.523 55.5054 45.3256 29.5505 17.1825 9.4069 5.04714 5.87496
 15.3248 46.3701 55.4189 45.058 29.6574 17.2421 9.43794 4.99148 5.56408
 15.3189 46.6615 56.55 48.1562 33.1684 19.9191 10.9713 5.81013 6.24353
 15.4711 46.6315 56.8488 49.0007 35.2805 22.1521 12.6005 6.71418 7.08981
 15.5637 47.0355 56.531 48.5674 35.0454 22.9002 13.6024 7.4831 7.87986
 15.5902 47.2775 56.8342 47.8433 34.1792 22.3151 13.7828 7.91625 8.59385
 15.5842 47.3972 57.3133 48.5528 34.2152 22.1835 13.7013 8.18448 9.42136
 15.6013 47.3709 57.4199 48.8684 34.609 22.1206 13.5653 8.10277 10
 15.6111 47.4584 57.5565 49.3715 35.3358 22.7582 13.7685 8.16709 10.4616
 15.6358 47.5063 57.7494 49.7006 35.9595 23.4366 14.2928 8.36474 10.8598
 15.6616 47.579 57.7957 49.8379 36.1631 23.8221 14.7008 8.6725 11.1919
 15.6777 47.6482 57.8397 49.769 36.1287 23.852 14.8743 8.87889 11.5115
 15.6836 47.5902 57.4152 48.5604 34.5441 22.6287 14.1105 8.50714 11.1875
 15.6335 47.5925 57.2716 48.0243 33.4877 21.4695 13.279 8.00465 10.7163
 15.5895 47.4581 57.358 48.1072 33.3616 20.996 12.7146 7.60294 10.2797
 15.5702 47.3724 57.4239 48.7363 34.0871 21.4161 12.7443 7.46318 10.0665
 15.5841 47.2843 57.1796 48.4482 34.1149 21.5668 12.8039 7.36708 9.71786
 15.5785 47.3033 56.9628 47.9722 33.586 21.3361 12.739 7.31167 9.35792
 15.5609 47.3129 57.1122 48.0979 33.6267 21.285 12.7781 7.37689 9.26166
 15.5626 47.3256 57.439 48.9921 34.6404 22.0081 13.1833 7.65503 9.56608
 15.599 47.3411 57.5039 49.3938 35.4325 22.7844 13.702 7.93915 9.95346
 15.6292 47.3799 57.181 48.6116 34.693 22.5092 13.6798 7.95463 9.96832
 15.612 47.4535 57.141 48.127 33.8862 21.8414 13.3877 7.86651 9.8904
 15.5888 47.4286 57.3603 48.4107 33.9309 21.6237 13.1752 7.80911 9.93956
 15.5882 47.386 57.4622 48.9189 34.5203 21.9463 13.2289 7.79524 10.0765
 15.6036 47.4225 57.594 49.4548 35.4296 22.7434 13.6873 7.98067 10.3446
 15.6337 47.4871 57.7231 49.7759 36.0728 23.5395 14.3093 8.33058 10.7013
 15.6624 47.5777 57.797 49.8756 36.2924 23.9555 14.8028 8.70476 11.1092
 15.6808 47.6574 57.8699 49.8478 36.252 24.0126 15.0066 8.97009 11.5216
 15.6889 47.7195 57.9968 49.9843 36.3226 24.0569 15.0888 9.12196 11.9522
 15.6972 47.7665 58.179 50.3555 36.7445 24.3563 15.2819 9.27312 12.4256
 15.7139 47.7955 58.2532 50.555 37.0685 24.6795 15.4984 9.40787 12.8132
 15.7274 47.8464 58.2885 50.6194 37.2154 24.8971 15.704 9.54117 13.1198
 15.7365 47.8874 58.3505 50.6502 37.2629 24.9958 15.8425 9.66777 13.3784
 15.7425 47.915 58.4005 50.704 37.2855 25.0277 15.9053 9.75303 13.605
 15.7466 47.9332 58.4342 50.7475 37.3251 25.0428 15.9256 9.79168 13.7881
 15.7494 47.9457 58.4564 50.7767 37.3571 25.0695 15.9352 9.80415 13.9178
 15.7514 47.9347 58.378 50.5656 37.0922 24.8639 15.8017 9.71671 13.8671
 15.7436 47.9605 58.4583 50.7279 37.2232 24.913 15.8213 9.72792 13.9185
 15.7472 47.8676 58.1604 49.9874 36.3366 24.2055 15.327 9.414 13.487
 15.7172 47.8536 57.9295 49.4426 35.4494 23.3495 14.7079 9.00619 12.8984
 15.6831 47.7457 57.8326 49.0509 34.8244 22.5949 14.0678 8.56863 12.2317
 15.6513 47.6535 57.7563 49.1011 34.709 22.3193 13.6919 8.24357 11.6834
 15.636 47.5624 57.6711 49.1008 34.823 22.3052 13.5628 8.04601 11.2254
 15.6291 47.4897 57.4354 48.7213 34.4486 22.0925 13.3734 7.8628 10.7109
 15.6109 47.4562 57.2879 48.3766 34.0057 21.7204 13.1607 7.70261 10.2582
 15.5913 47.3502 57.0063 47.6646 33.0549 20.903 12.5997 7.37932 9.65821
 15.5508 47.2881 56.8666 47.4002 32.5323 20.2917 12.1088 7.05491 9.15034
 15.5217 47.1577 56.7559 47.1963 32.2473 19.8935 11.707 6.75227 8.66832
 15.4988 47.0828 56.6627 47.2581 32.2915 19.8539 11.5593 6.57535 8.30911
 15.4914 47.0084 56.5491 47.123 32.2651 19.8305 11.5056 6.47495 7.99975
 15.4838 46.954 56.3086 46.6618 31.7356 19.4917 11.2963 6.33395 7.64687
 15.4603 46.9769 56.4614 46.9908 32.0504 19.6302 11.3813 6.37604 7.57488
 15.47 46.8964 56.445 47.012 32.1498 19.7319 11.4059 6.39211 7.5222
 15.4723 46.9899 56.6517 47.7356 33.0429 20.4406 11.8573 6.6274 7.7632
 15.5083 47.0022 56.7914 47.9754 33.6298 21.0669 12.3188 6.9099 8.05288
# numbers
 2224.69 2033.79 1464.46 318.678 86.8396 61.2695 42.8526 25.3996 92.5311
 2286.58 1285.91 1156.91 799.961 166.409 44.4187 31.1603 21.7645 59.8747
 2343.06 1312.45 711.188 580.23 357.308 70.2737 18.4614 12.9022 33.7702
 2325.73 1361.28 761.789 411.834 335.163 206.166 40.5354 10.6482 26.9193
 2335.45 1341.53 768.004 406.053 205.855 162.595 99.184 19.4628 18.0285
 2312.33 1350.14 763.597 420.286 212.718 105.704 83.0284 50.5819 19.1136
 2305.73 1305.65 697.485 304.087 114.389 45.9905 21.2335 16.3805 13.6904
 2156.36 1312.48 697.87 313.127 108.808 36.303 14.0862 6.44843 9.11295
 2132 1241.77 735.554 364.57 150.899 50.4792 16.6633 6.44943 7.12029
 2189.33 1213.43 663.365 329.616 129.946 47.6438 15.3752 5.03193 4.08883
 2150.43 1266.49 692.462 365.78 174.989 67.8031 24.7407 7.97515 4.72963
 2210.67 1222.48 673.239 305.141 125.769 52.6461 19.6006 7.08389 3.62917
 2147.19 1275.07 689.479 358.517 152.267 60.8879 25.2726 9.39054 5.13009
 2195.45 1218.04 671.779 294.607 115.174 41.748 15.909 6.52705 3.73954
 2124.02 1242.76 635.967 278.033 87.9686 28.4962 9.74402 3.66098 2.35435
 2067.44 1217.2 682.876 312.513 119.425 35.3698 11.2432 3.82736 2.36017
 2123.85 1181.41 661.082 323.245 124.714 43.7199 12.6289 3.99064 2.19299
 2136.36 1226.35 669.273 356.734 165.175 62.1422 21.6325 6.23844 3.05338
 2193.64 1239.94 709.002 383.213 202.147 93.1642 35.0055 12.1822 5.23226
 2247.14 1274.88 720.615 412.052 222.712 117.482 54.1444 20.3442 10.1208
 2283.79 1305.84 740.63 418.329 239.017 129.143 68.1174 31.3928 17.6635
 2305.62 1325.65 755.293 424.611 237.567 135.162 72.9442 38.4643 27.6991
 2315.84 1334.82 758.882 420.313 229.07 126.369 71.6174 38.6152 35.0177
 2313.08 1341 764.728 423.272 227.651 122.429 67.2916 38.1033 39.1672
 2312.36 1335.07 758.457 410.679 214.432 112.255 59.9171 32.8744 37.7327
 2299.2 1336.32 758.847 413.336 213.563 109.135 56.7916 30.2705 35.6585
 2295.81 1327.13 755.958 407.76 209.619 105.443 53.4827 27.7825 32.2382
 2289 1326.75 754.338 411.984 212.054 106.691 53.3481 27.0213 30.3137
 2289.69 1322.39 753.162 409.552 212.822 107.061 53.5241 26.7233 28.7096
 2288.8 1330.7 768.534 437.713 238.017 123.684 62.22 31.1062 32.2155
 2311.55 1329.85 772.595 445.389 253.173 137.549 71.4596 35.9463 36.5822
 2325.39 1341.37 768.276 441.45 251.486 142.194 77.1417 40.0629 40.6587
 2329.34 1348.27 772.396 434.869 245.27 138.561 78.1644 42.3819 44.3428
 2328.44 1351.68 778.908 441.318 245.528 137.744 77.7021 43.8179 48.6125
 2331.01 1350.93 780.357 444.186 248.354 137.353 76.9308 43.3805 51.5982
 2332.47 1353.43 782.213 448.759 253.57 141.313 78.0834 43.7249 53.9798
 2336.16 1354.8 784.834 451.751 258.045 145.525 81.0568 44.783 56.0346
 2340.01 1356.87 785.464 452.998 259.507 147.919 83.3705 46.4307 57.748
 2342.42 1358.84 786.062 452.373 259.26 148.104 84.3545 47.5357 59.3973
 2343.3 1357.19 780.292 441.387 247.888 140.508 80.0229 45.5454 57.7257
 2335.81 1357.25 778.341 436.514 240.308 133.311 75.3074 42.8552 55.2943
 2329.24 1353.42 779.515 437.268 239.403 130.371 72.1066 40.7045 53.0415
