## assessCA model parameter and state variable estimates
## Model dimensions
# nT
83
# nAges
9

## Parameter estimates
# initN_mult
 0.848704 1.75632 1.82909 0.909293 0.451422 0.532914 0.613285 0.570079 1.45261
# logit.ySteepness
0.417758
# rSteepness
0.694574
# rec.a
103.175
# rec.b
0.0460663
# R0
1993.5
# B0
175.757
# M
0.5
# aSel50
2
# aSel95
3
# aSelS50
3.2
# aSelS95
4.5
# omega
 0 0 0 0 0 0 0 0 0 0 0 0 0 0 0 0 0 0 0 0 0 0 0 0 0 0 0 0 0 0 0 0 0 0 0 0 0 0 0 0 0 0 0 0 0 0 0 0 0 0 0 0 0 0 0 0 0 0 0 0 0 0 0 0 0 0 0 0 0 0 0 0 0 0 0 0 0 0 0 0
# Rt
 1691.89 1965 2004.67 1985.89 1984.88 1957.23 1944.98 1783.48 1726.77 1778.98 1725.72 1790.96 1704.23 1755.54 1649.53 1534.81 1603.19 1617.02 1703.77 1792.26 1855.24 1894.03 1915.08 1917.68 1921.23 1908.51 1905.89 1899.07 1900.61 1900.47 1928.61 1947.94 1955.14 1955.72 1959.59 1962.3 1967.31 1972.53 1976.11 1977.82 1970.14 1962.5 1958.63 1960.43 1959.51 1956.44 1956.33 1962.23 1967.71 1965.43 1961.55 1961.12 1963.59 1968.77 1974.01 1977.63 1979.48 1981.21 1984.26 1986.88 1988.76 1990.07 1991 1991.68 1992.17 1991.06 1991.6 1986.88 1981.02 1975.25 1972.05 1970.38 1967.01 1963.28 1956.05 1950.3 1945.57 1943.48 1941.6 1937.12 1938.02 1938.15 1944.08
# Mt
 0.5 0.5 0.5 0.5 0.5 0.5 0.5 0.5 0.5 0.5 0.5 0.5 0.5 0.5 0.5 0.5 0.5 0.5 0.5 0.5 0.5 0.5 0.5 0.5 0.5 0.5 0.5 0.5 0.5 0.5 0.5 0.5 0.5 0.5 0.5 0.5 0.5 0.5 0.5 0.5 0.5 0.5 0.5 0.5 0.5 0.5 0.5 0.5 0.5 0.5 0.5 0.5 0.5 0.5 0.5 0.5 0.5 0.5 0.5 0.5 0.5 0.5 0.5 0.5 0.5 0.5 0.5 0.5 0.5 0.5 0.5 0.5 0.5 0.5 0.5 0.5 0.5 0.5 0.5 0.5 0.5 0.5 0.5
# kappa
1.58809
# tau
0.502199
# sigmaR
1.5066
# q
0.132892
# q1
0.158037
# q2
0.132892

## Derived variables
# spawnBt
 155.272 185.143 169.84 169.082 150.404 143.25 84.8584 73.0773 83.8183 72.8836 86.6338 69.0864 78.7098 60.672 47.2654 54.6743 56.3707 69.0096 86.9497 104.747 118.937 128.059 129.269 130.951 125.089 123.935 121.021 121.669 121.609 134.572 144.926 149.141 149.491 151.854 153.55 156.772 160.264 162.734 163.938 158.645 153.677 151.261 152.378 151.808 149.923 149.859 153.507 157.033 155.553 153.08 152.806 154.366 157.734 161.277 163.803 165.117 166.372 168.618 170.591 172.031 173.047 173.777 174.31 174.701 173.82 174.248 170.585 166.23 162.136 159.935 158.806 156.579 154.172 149.687 146.281 143.581 142.414 141.38 138.966 139.448 139.515 142.747 145.555
# exploitBt
 250.221 264.709 222.107 223.907 204.127 197.186 129.635 119.177 132.494 115.435 133.193 110.527 124.075 100.845 85.1882 95.8706 94.9421 109.921 131.337 151.434 168 178.913 180.569 183.091 176.389 175.626 172.286 173.138 172.919 188.123 198.948 202.966 203.469 206.524 208.407 212.003 215.812 218.409 219.67 213.572 208.35 205.996 207.371 206.474 204.278 204.39 208.608 212.312 210.3 207.672 207.657 209.451 213.141 216.925 219.573 220.96 222.384 224.925 227.035 228.551 229.645 230.444 231.028 231.455 230.431 231.006 226.785 222.074 217.731 215.463 214.242 211.667 209.02 204.006 200.386 197.471 196.226 195.019 192.219 192.958 192.949 196.646 199.624
# exploitBtS
 155.272 185.143 169.84 169.082 150.404 143.25 84.8584 73.0773 83.8183 72.8836 86.6338 69.0863 78.7098 60.672 47.2654 54.6743 56.3707 69.0096 86.9497 104.747 118.937 128.059 129.269 130.951 125.089 123.935 121.021 121.669 121.608 134.572 144.926 149.14 149.491 151.854 153.55 156.772 160.264 162.734 163.938 158.645 153.677 151.26 152.378 151.807 149.923 149.859 153.507 157.033 155.553 153.08 152.806 154.366 157.734 161.277 163.803 165.117 166.372 168.618 170.591 172.031 173.047 173.777 174.31 174.701 173.82 174.248 170.585 166.23 162.136 159.935 158.806 156.579 154.172 149.687 146.281 143.581 142.414 141.38 138.966 139.448 139.515 142.747 145.555
# Ft
 0 0.184652 0.00528952 0.126976 0.0896083 0.487375 0.337787 0.153532 0.361101 0.0833445 0.401997 0.141475 0.453017 0.503958 0.281289 0.341147 0.136343 0.0282974 0 0.00208282 0.0244899 0.0752391 0.0700133 0.129869 0.105135 0.126215 0.103596 0.109172 1.33056e-05 0.00467829 0.0278762 0.042988 0.0277044 0.030669 0.017113 0.010199 0.0111347 0.0146365 0.0547916 0.0603845 0.0536521 0.0356617 0.0468244 0.0556161 0.0455959 0.0206608 0.0167733 0.0439294 0.0507599 0.0403636 0.029919 0.0154292 0.00874568 0.00913432 0.0120848 0.00970876 0.0013207 0 0 0 0 0 0 0.00730231 0 0.0256497 0.0348197 0.0409902 0.036738 0.034697 0.0445657 0.0492687 0.0682411 0.0691766 0.0720477 0.0671039 0.069103 0.0812393 0.0639147 0.0675293 0.0432964 0.0412506 0
# D
0.937419
# projSpawnBio
153.214
# projExpBio
208.151
# projExpBioS
145.555
# trendBio
0.000586417

## Priors
# pmSteepness
0.8
# psdSteepness
0.08
# pmM
0.5
# psdM
0.05

## Minimization properties
# eiv_nll
126.734
# age_nll
885.741
# steepness_nlp
9.40439
# objFun
1035.93
# maxGrad
1.97418e-05
# iExit
1
# nEval
-2

## Life history schedules
# len
 10.34 17.5605 22.2575 25.3129 27.3005 28.5934 29.4345 29.9816 30.3375
# wt
 0.00669296 0.0350653 0.0735816 0.110018 0.139353 0.161049 0.176331 0.186784 0.193805
# mat
 0.00680752 0.0619228 0.38865 0.859599 0.983323 0.998242 0.999817 0.999981 0.999998
# sel
 0.05 0.5 0.95 0.997238 0.999854 0.999992 1 1 1

## Input data
# katch
 18.129 48.8791 1.17484 28.4308 18.2915 96.1035 43.7892 18.2974 47.8436 9.62089 53.5432 15.6368 56.2079 50.8216 23.9625 32.706 12.9447 3.11049 0 0.315409 4.1143 13.4612 12.6422 23.7778 18.5447 22.1666 17.8481 18.9019 0.00230079 0.880096 5.54592 8.72512 5.63697 6.33389 3.56647 2.16221 2.40301 3.19674 12.036 12.8964 11.1784 7.34617 9.71002 11.4833 9.31424 4.22287 3.49904 9.32675 10.6748 8.38237 6.2129 3.23167 1.86406 1.98146 2.6535 2.14524 0.293703 0 0 0 0 0 0 1.69016 0 5.92522 7.89659 9.10287 7.99902 7.47594 9.54782 10.4286 14.2637 14.1124 14.4373 13.2511 13.5598 15.8432 12.2856 13.0304 8.35398 8.11176 0
# lastDt
0
# ItScaled
 76.5819 156.54 128.729 435.513 113.803 284.662 131.946 60.0687 108.623 115.932 123.145 129.588 320.15 85.7943 96.53 42.1631 21.0459 23.2299 60.3797 57.1617 77.631 159.085 80.1885 94.9787 92.4269 383.68 194.183 152.215 89.6234 108.038 253.607 309.959 262.258 334.398 71.1818 83.5615 112.685 152.208 218.031 371.331 158.128 145.773 222.562 202.234 104.864 150.955 302.946 189.623 342.876 200.384 282.429 194.255 77.8626 87.0152 164.649 94.1907 62.1213 31.9448 47.4224 62.3897 71.9265 58.8682 64.0519 123.543 115.673 354.31 205.368 94.672 147.181 240.494 198.439 555.343 317.622 286.06 253.032 258.623 400.696 193.367 228.842 96.6591 98.2341 81.2617 53.0353
# obsPropAge
 0.00043047 0.0221353 0.375368 0.233566 0.0882507 0.0696394 0.055383 0.0275861 0.127641
 0.00138425 0.0223738 0.230022 0.50111 0.111541 0.0286019 0.0225366 0.0100952 0.0723348
 0.0204207 0.0263981 0.192852 0.388007 0.260402 0.0587061 0.0111216 0.00877253 0.0333201
 0.00184576 0.088907 0.136905 0.202166 0.297502 0.204622 0.0321965 0.00508782 0.0307675
 0.00168869 0.0267117 0.548543 0.18129 0.0595702 0.0973753 0.0606873 0.0146302 0.00950338
 0.00342451 0.0140408 0.0740881 0.669341 0.124402 0.0388866 0.0441538 0.0218827 0.00978022
 0.00512566 0.0903717 0.166132 0.174928 0.478726 0.048353 0.0118306 0.0115121 0.013022
 0.00380782 0.0643165 0.477675 0.205769 0.0765084 0.145504 0.00943366 0.00364605 0.0133395
 0.000250651 0.0694199 0.358201 0.416378 0.107848 0.0150984 0.0265452 0.00321547 0.00304375
 0.00167852 0.00314002 0.450516 0.344326 0.153641 0.0275869 0.00519347 0.012135 0.00178275
 0.00508141 0.0135307 0.0194683 0.642729 0.217315 0.077294 0.0174105 0.00283128 0.00433918
 0.01051 0.180954 0.219806 0.113813 0.272367 0.142182 0.0453053 0.00949911 0.00556319
 0.00285657 0.0555617 0.512232 0.228748 0.0381725 0.103602 0.0470727 0.00914994 0.00260355
 0.00223663 0.0627413 0.361973 0.405722 0.0934293 0.0126083 0.0388142 0.0135338 0.0089418
 0.0061305 0.026909 0.251688 0.525357 0.150333 0.0259707 0.00364552 0.00665239 0.00331437
 0.0292525 0.0527297 0.202237 0.477941 0.168924 0.0547744 0.00928476 0.00204202 0.00281463
 0.00405596 0.563901 0.240119 0.127071 0.0524429 0.00849136 0.00301671 0.000586121 0.000316346
 0.00123097 0.0246588 0.926201 0.0351664 0.0102528 0.00201642 0.000357939 7.60128e-05 4.01031e-05
 0.00810291 0.0201792 0.104036 0.839262 0.0214683 0.00574154 0.000992767 0.000164316 5.34498e-05
 0.0017668 0.0429766 0.0980586 0.160185 0.679776 0.0142423 0.0025587 0.000330329 0.000106369
 0.0047288 0.0200037 0.275002 0.15967 0.0933424 0.434429 0.0101753 0.00200078 0.000648716
 0.00168391 0.0718193 0.151525 0.483588 0.111601 0.0398725 0.132056 0.0065199 0.00133487
 0.00245455 0.0207773 0.35293 0.259868 0.171873 0.0664708 0.0223507 0.100938 0.00233706
 0.00152415 0.0273629 0.120326 0.508531 0.141732 0.124825 0.0267913 0.0115286 0.0373796
 0.000869392 0.0344509 0.191063 0.382257 0.203993 0.0935362 0.0600693 0.00890773 0.0248534
 0.000857209 0.023965 0.200927 0.417681 0.168677 0.0876437 0.0583982 0.0263253 0.0155255
 0.000740482 0.00916431 0.0949733 0.507398 0.214851 0.0839912 0.057364 0.0161973 0.0153207
 0.000682279 0.0176708 0.0935761 0.238943 0.30315 0.1902 0.0882885 0.0392412 0.0282482
 0.0270727 0.0131642 0.205301 0.300418 0.172724 0.160339 0.0589152 0.0454902 0.0165756
 0.00110386 0.174188 0.0651655 0.289204 0.215577 0.0830596 0.108952 0.0336458 0.0291032
 0.000405954 0.00535631 0.659739 0.0801262 0.11394 0.0544615 0.038079 0.0285521 0.0193397
 6.84206e-05 0.00577902 0.0298391 0.797764 0.0622027 0.0505318 0.0283668 0.0100017 0.0154469
 0.000232357 0.00199486 0.0431784 0.0879616 0.760588 0.0308417 0.0323454 0.0191464 0.023711
 0.000941148 0.0072712 0.0196074 0.160152 0.0891442 0.610984 0.026616 0.046911 0.0383735
 0.00220994 0.0110704 0.0761088 0.0406516 0.162396 0.104672 0.515577 0.0227395 0.0645739
 0.00219006 0.0257641 0.171181 0.106214 0.0508107 0.13859 0.0943303 0.358124 0.0527969
 0.0162532 0.0371783 0.222372 0.259558 0.102106 0.0447002 0.0738958 0.0447643 0.199173
 0.00150678 0.170105 0.15082 0.216533 0.23817 0.0632098 0.0252844 0.0426125 0.0917577
 0.000178365 0.00994695 0.576243 0.131206 0.126375 0.0838463 0.0211989 0.0080312 0.0429732
 0.000663145 0.00322683 0.0412489 0.759542 0.0955435 0.0418216 0.0329512 0.00853354 0.0164694
 0.00160235 0.0109985 0.031729 0.119015 0.633718 0.111543 0.0328904 0.0343213 0.0241823
 0.000246937 0.0436963 0.0998336 0.0696182 0.110462 0.545178 0.0573698 0.0178845 0.0557105
 0.00057239 0.00472809 0.243524 0.222703 0.0623526 0.0827896 0.293264 0.0414617 0.0486048
 0.000210823 0.00866371 0.0446378 0.496104 0.159909 0.0489917 0.0318221 0.166749 0.0429122
 0.0020135 0.00448113 0.070744 0.0907859 0.581811 0.0785639 0.030138 0.0229445 0.118518
 0.00976881 0.0201829 0.0435008 0.229242 0.0767519 0.44844 0.100585 0.0164428 0.0550865
 0.00257143 0.0792025 0.140868 0.072369 0.240844 0.113154 0.240836 0.040441 0.0697134
 0.000144144 0.0165959 0.51118 0.124064 0.0311262 0.122649 0.0319067 0.131507 0.0308265
 0.000712917 0.00357578 0.14365 0.533154 0.129673 0.0210271 0.0506488 0.0155639 0.101994
 0.000131627 0.0118378 0.0190471 0.361819 0.408266 0.0924064 0.0240243 0.0330036 0.0494643
 0.0011026 0.00263334 0.0673918 0.0900431 0.27426 0.402012 0.0614223 0.0161124 0.0850228
 0.0040681 0.0167225 0.0222235 0.29463 0.0648285 0.307774 0.168855 0.0467345 0.0741641
 0.00118847 0.0744502 0.137008 0.0444781 0.204117 0.0534264 0.209012 0.183061 0.0932591
 0.00338472 0.00757584 0.300288 0.171265 0.0342353 0.161728 0.0370344 0.158704 0.125785
 0.000794046 0.0388681 0.0588377 0.575417 0.14269 0.0187265 0.0514862 0.0187067 0.0944732
 0.00301273 0.0137638 0.23686 0.0917409 0.462816 0.0831881 0.0151011 0.0396086 0.0539088
 0.00199979 0.0332435 0.0593105 0.544638 0.0939876 0.158867 0.0476476 0.00956142 0.0507438
 0.00895838 0.0203804 0.185534 0.176699 0.305032 0.0785492 0.174966 0.0318319 0.0180485
 0.00268242 0.0692217 0.0940222 0.330551 0.122414 0.228624 0.0475179 0.0707438 0.0342232
 0.00569802 0.0276625 0.450747 0.126206 0.171203 0.0607433 0.109871 0.0124072 0.0354611
 0.00104455 0.0662566 0.139166 0.477545 0.0820372 0.125136 0.0327629 0.0538404 0.0222118
 0.00344701 0.0106048 0.235427 0.221419 0.392739 0.0346045 0.0591299 0.0172954 0.0253328
 0.00119262 0.0473625 0.0717157 0.362006 0.158895 0.267258 0.0252012 0.0427942 0.0235748
 0.00265631 0.0129259 0.423196 0.0987573 0.245416 0.0682097 0.108373 0.0139735 0.0264924
 0.000425437 0.0719678 0.0746315 0.435489 0.0715859 0.201946 0.0540997 0.0686072 0.0212472
 0.000538522 0.00450608 0.241779 0.165411 0.305056 0.0600641 0.125816 0.0324242 0.064405
 0.00188875 0.0170285 0.0384065 0.408951 0.198536 0.192212 0.0301281 0.0777637 0.0350867
 0.00107671 0.0508347 0.106749 0.110103 0.432656 0.0517081 0.151459 0.0243603 0.0710532
 0.00115992 0.0228794 0.337582 0.162712 0.0853741 0.187064 0.0621467 0.0872338 0.0538479
 0.00162987 0.0286339 0.116449 0.49041 0.109717 0.041941 0.134743 0.0184072 0.0580679
 0.00274814 0.0199393 0.139121 0.35527 0.306788 0.074573 0.0274622 0.0399608 0.0341373
 0.00107846 0.0232276 0.165803 0.201362 0.263148 0.233618 0.0504073 0.0172707 0.044085
 0.00128511 0.019455 0.138776 0.370366 0.217112 0.108976 0.0861356 0.0262406 0.0316537
 0.0016728 0.0192242 0.14519 0.284447 0.232965 0.100375 0.0867016 0.0870296 0.0423953
 0.00250648 0.0112055 0.18432 0.272858 0.214934 0.145411 0.0484052 0.0382817 0.0820785
 0.000797479 0.0287396 0.0809245 0.327427 0.200965 0.183384 0.0636738 0.0388038 0.0752856
 0.00414768 0.0108906 0.242854 0.173018 0.248407 0.133652 0.0657209 0.0476342 0.0736754
 0.000566911 0.0492739 0.0749849 0.356631 0.134724 0.173502 0.101581 0.0481484 0.0605887
 0.00225461 0.0097419 0.37887 0.0940564 0.211897 0.137645 0.0720823 0.0411134 0.0523394
 0.001444 0.0263288 0.0739363 0.661185 0.0622573 0.0809168 0.0289149 0.0313013 0.0337154
 0.00274888 0.0111728 0.269129 0.147988 0.48255 0.0249022 0.0220871 0.0130133 0.0264082
 0.00469956 0.0575216 0.156616 0.524129 0.079815 0.130411 0.0113052 0.0135802 0.0219226
 0.00326942 0.0511073 0.449604 0.180831 0.220874 0.0404734 0.0397146 0.00499974 0.00912587
# predPropAge
 0.00226275 0.148798 0.374736 0.177344 0.0678173 0.0561264 0.0428942 0.0256175 0.104404
 0.00248417 0.0677216 0.327811 0.314 0.119797 0.0416858 0.0326801 0.0241632 0.069657
 0.00302043 0.0932122 0.177159 0.306681 0.235178 0.0816137 0.0269008 0.0204032 0.0558321
 0.00296808 0.0951833 0.223005 0.166452 0.233093 0.162683 0.0534786 0.0170538 0.0460837
 0.00325404 0.102799 0.23645 0.204774 0.122829 0.156489 0.103457 0.0329031 0.0370442
 0.00332165 0.106564 0.245812 0.213179 0.148694 0.0811548 0.0979406 0.0626437 0.0406901
 0.00502087 0.156641 0.296457 0.191138 0.128376 0.0812939 0.0420239 0.0490659 0.0499844
 0.00500801 0.170619 0.342446 0.208473 0.106203 0.0648333 0.0388881 0.0194487 0.0440811
 0.00436142 0.142045 0.342635 0.250461 0.122326 0.0566899 0.0327817 0.0190233 0.029676
 0.00515729 0.156201 0.323075 0.245949 0.141694 0.0628923 0.0276072 0.0154449 0.0219784
 0.00433589 0.141442 0.313729 0.245447 0.150544 0.0789177 0.0331809 0.0140913 0.0183124
 0.00542257 0.162699 0.329334 0.222458 0.136498 0.0760633 0.0377676 0.0153627 0.0143948
 0.00459655 0.152412 0.325692 0.241746 0.131108 0.0731858 0.0386313 0.0185576 0.0140713
 0.00582568 0.17564 0.350754 0.217297 0.125603 0.0618641 0.0327084 0.0167035 0.0136034
 0.00647991 0.213624 0.376106 0.206032 0.0985618 0.0517142 0.0241246 0.01234 0.0110177
 0.00535745 0.180395 0.39447 0.233129 0.101461 0.04413 0.0219324 0.00989858 0.00922725
 0.00565085 0.168976 0.365365 0.256302 0.11964 0.0473259 0.0194974 0.00937488 0.00786787
 0.0049229 0.15404 0.328879 0.261505 0.147334 0.0625688 0.0234447 0.00934458 0.00796093
 0.00434122 0.130741 0.307351 0.254986 0.163828 0.0840012 0.0337918 0.01225 0.00870946
 0.00396064 0.119643 0.274204 0.253759 0.170344 0.0996105 0.0483812 0.0188296 0.0112677
 0.00369555 0.113435 0.260525 0.234828 0.175824 0.107421 0.0595033 0.0279608 0.0168068
 0.00354269 0.110135 0.254426 0.227465 0.165701 0.11291 0.0653452 0.035019 0.0254562
 0.00354922 0.111124 0.253963 0.222831 0.160578 0.106442 0.0687047 0.0384686 0.0343409
 0.00350509 0.110841 0.255744 0.222575 0.157458 0.103251 0.0648322 0.0404859 0.0413081
 0.00364499 0.114862 0.260156 0.221532 0.15491 0.0997023 0.0619301 0.0376214 0.0456415
 0.00363659 0.115718 0.264305 0.223892 0.153413 0.0976069 0.0595076 0.0357608 0.0461593
 0.003702 0.117057 0.267257 0.225734 0.153674 0.0958006 0.0577366 0.034055 0.0449838
 0.00367061 0.116453 0.267087 0.228252 0.155146 0.0960998 0.0567487 0.0330884 0.0434542
 0.00367824 0.116151 0.266576 0.228177 0.156874 0.0970166 0.0569237 0.032521 0.0420824
 0.0033807 0.107436 0.258177 0.233258 0.161551 0.101087 0.0592196 0.0336164 0.0422731
 0.00324409 0.101559 0.245096 0.23137 0.169104 0.106593 0.0631814 0.0358093 0.0440426
 0.00321174 0.100906 0.237377 0.222647 0.169834 0.112965 0.0674517 0.0386804 0.0469283
 0.00321565 0.101589 0.238179 0.216211 0.163742 0.113664 0.0716168 0.0413715 0.0504115
 0.00316901 0.100532 0.238677 0.217504 0.159545 0.109961 0.0723061 0.0440762 0.0542296
 0.00314659 0.0996388 0.237219 0.2186 0.160947 0.10744 0.0701448 0.0446241 0.05824
 0.0030975 0.0982091 0.234836 0.218386 0.162701 0.109021 0.0689395 0.0435446 0.0612656
 0.00305059 0.0966425 0.232111 0.217482 0.163567 0.110907 0.0703963 0.0430671 0.0627769
 0.00302233 0.0957325 0.229639 0.216024 0.163691 0.112044 0.0719656 0.0441932 0.0636874
 0.00301044 0.0954196 0.228491 0.214332 0.163029 0.112429 0.0728979 0.0452989 0.0650925
 0.00309907 0.0981244 0.230833 0.21208 0.16053 0.111115 0.0725865 0.0455336 0.0660981
 0.0031644 0.100643 0.235891 0.212331 0.157371 0.108396 0.0710724 0.0449181 0.066214
 0.00318815 0.101431 0.239554 0.215549 0.156571 0.1056 0.0689009 0.0437069 0.0654978
 0.00316077 0.100459 0.239313 0.218861 0.159066 0.10515 0.0671788 0.0424063 0.0644051
 0.00317742 0.10064 0.238276 0.21863 0.161409 0.106755 0.0668482 0.0413193 0.0629448
 0.00321007 0.10177 0.239146 0.217155 0.160775 0.108013 0.0676717 0.0409963 0.0612634
 0.00320327 0.101718 0.240361 0.217678 0.159575 0.107514 0.0684221 0.041473 0.0600547
 0.00313834 0.0996292 0.238514 0.219789 0.160897 0.107345 0.0685102 0.0421816 0.0599954
 0.00309288 0.0979046 0.234738 0.219541 0.163562 0.108971 0.0688681 0.0425235 0.0607999
 0.00313119 0.0990049 0.233772 0.216186 0.163246 0.110679 0.0698494 0.0427079 0.061425
 0.00316715 0.100503 0.236294 0.214492 0.160094 0.110011 0.0706525 0.0431385 0.0616486
 0.00316112 0.100447 0.238152 0.216333 0.158578 0.107713 0.0701132 0.0435641 0.0619394
 0.00313335 0.0994416 0.23722 0.218382 0.160279 0.106923 0.0687963 0.0433248 0.0625002
 0.00308298 0.0977692 0.234487 0.218663 0.162758 0.108716 0.0687005 0.0427654 0.0630575
 0.00303719 0.0962167 0.231288 0.217507 0.164049 0.111132 0.0703173 0.0429898 0.0634632
 0.00300857 0.0953055 0.228819 0.215636 0.164012 0.112583 0.0722455 0.0442255 0.0641653
 0.00299517 0.0949458 0.227641 0.213976 0.163067 0.112879 0.073398 0.0455681 0.0655302
 0.00297875 0.0945215 0.227022 0.213331 0.162178 0.112484 0.0737585 0.0464002 0.067325
 0.00294769 0.0935802 0.225844 0.213408 0.162254 0.112263 0.0737582 0.0467917 0.0691532
 0.00292479 0.0927981 0.224196 0.212998 0.162855 0.112692 0.0738601 0.0469483 0.0707276
 0.00290923 0.0923246 0.222919 0.212011 0.162979 0.113413 0.0743411 0.0471393 0.071964
 0.0028981 0.0920058 0.222198 0.2112 0.162528 0.113712 0.0749575 0.0475355 0.0729651
 0.00288996 0.0917737 0.22172 0.210792 0.162118 0.113547 0.0752534 0.0479923 0.0739141
 0.002884 0.0916018 0.221369 0.210536 0.161957 0.113366 0.0752143 0.0482271 0.0748445
 0.00287966 0.0914758 0.221106 0.210347 0.161872 0.113331 0.0751465 0.0482351 0.0756066
 0.00289317 0.0918799 0.221381 0.209954 0.16156 0.113153 0.0750446 0.048141 0.0759932
 0.00288436 0.0917075 0.221634 0.210223 0.16132 0.112981 0.0749568 0.0480952 0.0761988
 0.00293884 0.0932423 0.223 0.209678 0.160724 0.112245 0.0744653 0.0477968 0.0759098
 0.00299406 0.0952025 0.226256 0.209621 0.159209 0.111061 0.0734712 0.0471566 0.0750297
 0.00304478 0.096841 0.230001 0.211129 0.157954 0.109175 0.0721418 0.0461723 0.0735412
 0.00306788 0.0975926 0.232302 0.213536 0.158318 0.10779 0.0705732 0.0451173 0.0717033
 0.00308037 0.0978737 0.23323 0.215074 0.159695 0.107751 0.0694924 0.0440187 0.0697855
 0.00311519 0.0988547 0.234222 0.215213 0.160229 0.108268 0.0691986 0.0431771 0.0677224
 0.00314926 0.0999981 0.236118 0.215227 0.159625 0.108148 0.0692229 0.0428041 0.0657077
 0.00322054 0.102184 0.239308 0.21537 0.158299 0.106833 0.0685638 0.0424583 0.0637633
 0.00326663 0.103827 0.242866 0.216687 0.15724 0.105167 0.0672318 0.0417447 0.0619705
 0.00330511 0.104956 0.245606 0.218555 0.157203 0.103803 0.0657649 0.0406751 0.0601321
 0.00331802 0.105338 0.24685 0.220293 0.158078 0.103466 0.0647167 0.0396679 0.0582723
 0.00333496 0.105722 0.247452 0.220925 0.15897 0.103803 0.0643583 0.0389459 0.0564881
 0.00338028 0.107082 0.24885 0.220553 0.158664 0.103886 0.0642571 0.0385437 0.0547837
 0.00335955 0.106661 0.249713 0.221659 0.158448 0.103725 0.0643326 0.0384975 0.0536043
 0.00336129 0.106401 0.249235 0.222479 0.159248 0.103586 0.0642343 0.0385436 0.0529113
 0.0032983 0.104576 0.246999 0.223227 0.160888 0.104801 0.0645746 0.0387405 0.0528957
 0.00325903 0.103033 0.243979 0.22255 0.162413 0.106526 0.0657306 0.0391835 0.0533267
# obsPropAgeS
 -1 -1 -1 -1 -1 -1 -1 -1 -1
 -1 -1 -1 -1 -1 -1 -1 -1 -1
 -1 -1 -1 -1 -1 -1 -1 -1 -1
 -1 -1 -1 -1 -1 -1 -1 -1 -1
 -1 -1 -1 -1 -1 -1 -1 -1 -1
 -1 -1 -1 -1 -1 -1 -1 -1 -1
 -1 -1 -1 -1 -1 -1 -1 -1 -1
 -1 -1 -1 -1 -1 -1 -1 -1 -1
 -1 -1 -1 -1 -1 -1 -1 -1 -1
 -1 -1 -1 -1 -1 -1 -1 -1 -1
 -1 -1 -1 -1 -1 -1 -1 -1 -1
 -1 -1 -1 -1 -1 -1 -1 -1 -1
 -1 -1 -1 -1 -1 -1 -1 -1 -1
 -1 -1 -1 -1 -1 -1 -1 -1 -1
 -1 -1 -1 -1 -1 -1 -1 -1 -1
 -1 -1 -1 -1 -1 -1 -1 -1 -1
 -1 -1 -1 -1 -1 -1 -1 -1 -1
 -1 -1 -1 -1 -1 -1 -1 -1 -1
 -1 -1 -1 -1 -1 -1 -1 -1 -1
 -1 -1 -1 -1 -1 -1 -1 -1 -1
 -1 -1 -1 -1 -1 -1 -1 -1 -1
 -1 -1 -1 -1 -1 -1 -1 -1 -1
 -1 -1 -1 -1 -1 -1 -1 -1 -1
 -1 -1 -1 -1 -1 -1 -1 -1 -1
 -1 -1 -1 -1 -1 -1 -1 -1 -1
 -1 -1 -1 -1 -1 -1 -1 -1 -1
 -1 -1 -1 -1 -1 -1 -1 -1 -1
 -1 -1 -1 -1 -1 -1 -1 -1 -1
 -1 -1 -1 -1 -1 -1 -1 -1 -1
 -1 -1 -1 -1 -1 -1 -1 -1 -1
 -1 -1 -1 -1 -1 -1 -1 -1 -1
 -1 -1 -1 -1 -1 -1 -1 -1 -1
 -1 -1 -1 -1 -1 -1 -1 -1 -1
 -1 -1 -1 -1 -1 -1 -1 -1 -1
 -1 -1 -1 -1 -1 -1 -1 -1 -1
 -1 -1 -1 -1 -1 -1 -1 -1 -1
 -1 -1 -1 -1 -1 -1 -1 -1 -1
 -1 -1 -1 -1 -1 -1 -1 -1 -1
 -1 -1 -1 -1 -1 -1 -1 -1 -1
 -1 -1 -1 -1 -1 -1 -1 -1 -1
 -1 -1 -1 -1 -1 -1 -1 -1 -1
 -1 -1 -1 -1 -1 -1 -1 -1 -1
 -1 -1 -1 -1 -1 -1 -1 -1 -1
 -1 -1 -1 -1 -1 -1 -1 -1 -1
 -1 -1 -1 -1 -1 -1 -1 -1 -1
 -1 -1 -1 -1 -1 -1 -1 -1 -1
 -1 -1 -1 -1 -1 -1 -1 -1 -1
 -1 -1 -1 -1 -1 -1 -1 -1 -1
 -1 -1 -1 -1 -1 -1 -1 -1 -1
 -1 -1 -1 -1 -1 -1 -1 -1 -1
 -1 -1 -1 -1 -1 -1 -1 -1 -1
 -1 -1 -1 -1 -1 -1 -1 -1 -1
 -1 -1 -1 -1 -1 -1 -1 -1 -1
 -1 -1 -1 -1 -1 -1 -1 -1 -1
 -1 -1 -1 -1 -1 -1 -1 -1 -1
 -1 -1 -1 -1 -1 -1 -1 -1 -1
 -1 -1 -1 -1 -1 -1 -1 -1 -1
 -1 -1 -1 -1 -1 -1 -1 -1 -1
 -1 -1 -1 -1 -1 -1 -1 -1 -1
 -1 -1 -1 -1 -1 -1 -1 -1 -1
 -1 -1 -1 -1 -1 -1 -1 -1 -1
 -1 -1 -1 -1 -1 -1 -1 -1 -1
 -1 -1 -1 -1 -1 -1 -1 -1 -1
 -1 -1 -1 -1 -1 -1 -1 -1 -1
 -1 -1 -1 -1 -1 -1 -1 -1 -1
 -1 -1 -1 -1 -1 -1 -1 -1 -1
 -1 -1 -1 -1 -1 -1 -1 -1 -1
 -1 -1 -1 -1 -1 -1 -1 -1 -1
 -1 -1 -1 -1 -1 -1 -1 -1 -1
 -1 -1 -1 -1 -1 -1 -1 -1 -1
 -1 -1 -1 -1 -1 -1 -1 -1 -1
 -1 -1 -1 -1 -1 -1 -1 -1 -1
 -1 -1 -1 -1 -1 -1 -1 -1 -1
 -1 -1 -1 -1 -1 -1 -1 -1 -1
 -1 -1 -1 -1 -1 -1 -1 -1 -1
 -1 -1 -1 -1 -1 -1 -1 -1 -1
 -1 -1 -1 -1 -1 -1 -1 -1 -1
 -1 -1 -1 -1 -1 -1 -1 -1 -1
 -1 -1 -1 -1 -1 -1 -1 -1 -1
 -1 -1 -1 -1 -1 -1 -1 -1 -1
 -1 -1 -1 -1 -1 -1 -1 -1 -1
 -1 -1 -1 -1 -1 -1 -1 -1 -1
 -1 -1 -1 -1 -1 -1 -1 -1 -1
# predPropAgeS
 0.00049646 0.0296966 0.247053 0.246344 0.10748 0.0902892 0.0691114 0.0412817 0.168247
 0.000483573 0.0119914 0.191744 0.386981 0.168449 0.0594963 0.0467162 0.0345468 0.0995924
 0.000537787 0.0150965 0.0947807 0.345705 0.302468 0.106543 0.035173 0.0266817 0.0730139
 0.000535135 0.0156103 0.120814 0.190001 0.303569 0.215055 0.070806 0.022583 0.0610261
 0.000601286 0.0172786 0.131285 0.239559 0.163947 0.212013 0.140385 0.0446549 0.0502759
 0.000622519 0.0181665 0.138427 0.252943 0.201295 0.111515 0.134792 0.0862284 0.0560105
 0.0010443 0.0296356 0.185278 0.251695 0.192873 0.123973 0.0641869 0.0749551 0.0763594
 0.00111197 0.03446 0.228473 0.29306 0.170335 0.105547 0.0634082 0.031717 0.0718885
 0.000938648 0.0278076 0.221576 0.341267 0.190167 0.0894543 0.0518094 0.0300701 0.0469096
 0.00111211 0.0306389 0.209337 0.335777 0.220709 0.0994363 0.0437172 0.0244616 0.03481
 0.000907591 0.0269309 0.197325 0.325274 0.227623 0.121118 0.0510037 0.0216639 0.0281538
 0.00118113 0.032236 0.215549 0.306776 0.214764 0.121476 0.0604109 0.0245774 0.0230293
 0.000986518 0.0297546 0.210037 0.328481 0.203256 0.115165 0.0608856 0.0292528 0.0221814
 0.00131835 0.0361551 0.238508 0.311326 0.205317 0.102646 0.0543557 0.0277629 0.0226105
 0.0015901 0.0476833 0.27732 0.320088 0.174705 0.0930434 0.0434728 0.0222405 0.0198576
 0.00127902 0.0391748 0.282977 0.352367 0.174969 0.0772459 0.0384511 0.0173567 0.0161798
 0.0012958 0.0352461 0.251748 0.372095 0.198172 0.079569 0.0328325 0.0157893 0.0132514
 0.00106761 0.0303868 0.21431 0.359046 0.2308 0.0994877 0.0373368 0.0148841 0.0126805
 0.000892792 0.0244575 0.189929 0.331997 0.243371 0.126662 0.0510332 0.0185032 0.0131556
 0.000779587 0.0214215 0.162177 0.316227 0.242196 0.143756 0.0699323 0.0272215 0.0162898
 0.000710703 0.0198435 0.150548 0.285916 0.244247 0.151467 0.0840335 0.0394942 0.0237397
 0.000673881 0.0190563 0.145422 0.273932 0.227676 0.157472 0.0912782 0.0489247 0.0355652
 0.000674995 0.0192237 0.145129 0.2683 0.220594 0.148422 0.0959526 0.0537338 0.0479689
 0.000667229 0.0191927 0.146285 0.268245 0.216512 0.14411 0.0906295 0.0566048 0.0577553
 0.000699789 0.020059 0.150079 0.269268 0.214828 0.140345 0.0873122 0.0530492 0.0643593
 0.000701632 0.0203085 0.153227 0.273484 0.213805 0.138075 0.0843119 0.0506751 0.0654115
 0.000717533 0.0206379 0.155651 0.277001 0.215153 0.136143 0.0821787 0.0484797 0.0640386
 0.000711161 0.0205231 0.155489 0.279977 0.217126 0.136513 0.0807398 0.0470847 0.0618361
 0.000712093 0.0204542 0.155072 0.27967 0.219376 0.137709 0.0809267 0.0462417 0.0598381
 0.000643448 0.0186003 0.147652 0.281074 0.222105 0.141067 0.0827703 0.0469927 0.0590951
 0.000606324 0.0172661 0.137646 0.273778 0.2283 0.14607 0.0867169 0.0491565 0.0604596
 0.000595096 0.0170069 0.13216 0.261181 0.227307 0.153466 0.0917788 0.0526394 0.063865
 0.000595893 0.017124 0.132623 0.253662 0.21918 0.154435 0.097458 0.0563086 0.0686135
 0.000586797 0.0169329 0.132798 0.254982 0.213396 0.149287 0.0983199 0.0599434 0.0737533
 0.000581464 0.0167484 0.131719 0.255747 0.214835 0.145569 0.0951875 0.0605655 0.0790468
 0.000570301 0.0164478 0.12992 0.254563 0.216384 0.147171 0.0932102 0.0588844 0.0828496
 0.000559297 0.0161172 0.12787 0.252442 0.216618 0.149086 0.0947786 0.0579933 0.0845355
 0.000552271 0.0159123 0.126088 0.249915 0.216061 0.150114 0.0965691 0.0593116 0.0854762
 0.00054921 0.0158346 0.125255 0.247557 0.214839 0.150385 0.097662 0.0606973 0.0872208
 0.000568024 0.0163597 0.12713 0.246102 0.212536 0.149324 0.0976999 0.0612973 0.0889827
 0.00058411 0.0168984 0.130837 0.248139 0.209831 0.146703 0.09634 0.0608973 0.0897707
 0.00059114 0.0171074 0.133466 0.253033 0.209703 0.143562 0.0938166 0.0595217 0.0891988
 0.000585648 0.0169314 0.133238 0.256739 0.212894 0.142847 0.0914069 0.0577096 0.0876487
 0.00058839 0.016952 0.132582 0.256317 0.215904 0.144944 0.0909037 0.0561973 0.0856112
 0.000595505 0.0171733 0.133306 0.255046 0.215441 0.146916 0.0921892 0.0558585 0.0834742
 0.000594826 0.0171813 0.134115 0.255911 0.214044 0.146381 0.0933029 0.0565633 0.0819076
 0.000580657 0.0167675 0.132602 0.257458 0.215035 0.145621 0.0930846 0.0573214 0.0815303
 0.000569331 0.0163933 0.129838 0.255856 0.217483 0.147073 0.093094 0.0574915 0.0822026
 0.000576352 0.0165767 0.129297 0.251933 0.217051 0.14937 0.0944156 0.0577378 0.0830433
 0.000584987 0.0168857 0.131143 0.250822 0.213596 0.148982 0.0958312 0.0585214 0.0836336
 0.000584879 0.0169052 0.132402 0.253411 0.211938 0.146121 0.0952636 0.0592007 0.0841729
 0.000578839 0.0167101 0.131679 0.255414 0.213879 0.144824 0.093329 0.0587839 0.084803
 0.000567194 0.0163616 0.129627 0.254692 0.216295 0.146648 0.092816 0.0577865 0.0852076
 0.000556197 0.0160276 0.12727 0.252179 0.217006 0.149216 0.0945629 0.0578223 0.0853609
 0.00054908 0.0158218 0.125483 0.249159 0.216219 0.15065 0.0968254 0.0592819 0.0860116
 0.000545708 0.0157354 0.124625 0.246821 0.214609 0.150791 0.0982033 0.060978 0.0876922
 0.000542096 0.0156471 0.124144 0.245797 0.213195 0.150091 0.0985727 0.0620205 0.089991
 0.000535343 0.0154596 0.123247 0.245381 0.212857 0.149489 0.0983703 0.0624157 0.0922453
 0.000529967 0.0152952 0.122067 0.244347 0.213156 0.149716 0.0982801 0.0624808 0.094129
 0.000526225 0.0151905 0.121159 0.24279 0.212944 0.150411 0.0987472 0.0626254 0.0956069
 0.000523632 0.0151213 0.120634 0.241593 0.212121 0.15064 0.0994559 0.0630818 0.0968297
 0.000521776 0.0150721 0.120286 0.240949 0.211429 0.15031 0.0997749 0.0636411 0.0980168
 0.000520423 0.0150358 0.120031 0.240529 0.211107 0.149991 0.0996699 0.0639183 0.0991977
 0.000519435 0.0150092 0.119841 0.240218 0.210913 0.149886 0.0995408 0.0639038 0.100168
 0.000522197 0.0150849 0.120065 0.239918 0.210637 0.149743 0.0994676 0.0638188 0.100743
 0.000520622 0.0150571 0.120206 0.240233 0.210331 0.14952 0.0993544 0.06376 0.101019
 0.000531946 0.015352 0.121287 0.240283 0.210142 0.148963 0.0989801 0.0635424 0.100918
 0.000544587 0.0157513 0.123658 0.24139 0.209177 0.148111 0.0981354 0.0629974 0.100235
 0.000556694 0.0161058 0.126359 0.244393 0.208609 0.146354 0.0968614 0.0620034 0.0987581
 0.000562711 0.0162827 0.128031 0.247969 0.209759 0.144959 0.0950582 0.0607805 0.0965978
 0.000565795 0.0163525 0.128723 0.250105 0.21188 0.14511 0.0937339 0.0593837 0.0941461
 0.000573355 0.01655 0.129534 0.250776 0.21302 0.146103 0.0935274 0.0583668 0.0915487
 0.000581309 0.0167901 0.130962 0.251521 0.212834 0.146366 0.0938321 0.0580307 0.0890833
 0.000597592 0.0172472 0.133429 0.253012 0.212176 0.145346 0.0934272 0.0578645 0.0869016
 0.000609253 0.0176145 0.136107 0.255863 0.211837 0.143812 0.0920819 0.0571837 0.0848913
 0.000618884 0.017877 0.138191 0.259097 0.21263 0.142513 0.0904316 0.0559404 0.082701
 0.000622444 0.017975 0.139146 0.261638 0.214208 0.142311 0.0891539 0.0546555 0.0802906
 0.000626321 0.0180607 0.139641 0.262681 0.215657 0.142935 0.0887592 0.0537206 0.0779191
 0.000636588 0.0183436 0.140818 0.262965 0.215837 0.143445 0.0888647 0.0533129 0.0757771
 0.000632922 0.0182784 0.14136 0.264383 0.215624 0.143276 0.0890026 0.053269 0.0741736
 0.000632915 0.0182242 0.141015 0.265221 0.216599 0.143008 0.0888196 0.0533047 0.073176
 0.000618623 0.0178415 0.139203 0.26507 0.217972 0.144119 0.0889407 0.0533673 0.0728681
 0.000608545 0.0175002 0.13689 0.263094 0.219061 0.145841 0.0901311 0.0537379 0.0731357
# biomass
 11.3237 74.4647 98.7017 44.498 16.9718 14.0441 10.733 6.41002 26.1242
 13.1517 35.8531 91.3419 83.349 31.716 11.0347 8.65074 6.39621 18.4389
 13.4172 41.4061 41.4191 68.3045 52.2423 18.1271 5.97486 4.53169 12.4007
 13.2915 42.6244 52.5604 37.3731 52.1987 36.426 11.9742 3.81846 10.3185
 13.2847 41.9682 50.8061 41.9158 25.0765 31.9439 21.1184 6.71642 7.56173
 13.0997 42.0258 51.0219 42.1525 29.3246 16.0027 19.3125 12.3525 8.02353
 13.0177 40.6123 40.454 24.8469 16.6445 10.5386 5.44779 6.36069 6.47975
 11.9368 40.6675 42.9595 24.914 12.6587 7.72667 4.63455 2.31783 5.25343
 11.5572 37.6402 47.7864 33.2764 16.2098 7.51111 4.34337 2.52047 3.93189
 11.9067 36.0623 39.2571 28.4699 16.3589 7.26004 3.18685 1.78288 2.53708
 11.5502 37.6781 43.9857 32.7824 20.0543 10.5114 4.41945 1.87686 2.43908
 11.9868 35.9653 38.316 24.6557 15.0889 8.4071 4.17433 1.69799 1.59101
 11.4063 37.821 42.5369 30.0776 16.2696 9.08057 4.79317 2.30252 1.74589
 11.7498 35.4248 37.2334 21.974 12.6683 6.23872 3.29848 1.68446 1.37183
 11.0402 36.3964 33.726 17.6001 8.39753 4.40548 2.05513 1.05122 0.93858
 10.2724 34.5891 39.8085 22.4121 9.72853 4.2308 2.10267 0.948983 0.884623
 10.7301 32.0859 36.5142 24.4012 11.3606 4.49326 1.85113 0.89007 0.746991
 10.8226 33.8645 38.0535 28.8246 16.1976 6.8777 2.57707 1.02717 0.875076
 11.4033 34.3424 42.4913 33.582 21.5199 11.0326 4.43813 1.60888 1.14388
 11.9955 36.2362 43.7094 38.5342 25.7996 15.0845 7.32656 2.85144 1.70631
 12.417 38.1142 46.0717 39.5604 29.5427 18.0468 9.99654 4.69741 2.82354
 12.6766 39.4092 47.9159 40.8091 29.6504 20.2012 11.6911 6.26535 4.55445
 12.8176 40.131 48.2713 40.3477 28.9996 19.2202 12.4059 6.94623 6.20089
 12.835 40.5877 49.2888 40.8643 28.8332 18.9045 11.8702 7.41259 7.56312
 12.8587 40.5208 48.3038 39.184 27.3284 17.5865 10.9238 6.636 8.05066
 12.7736 40.6463 48.8619 39.4302 26.9473 17.1424 10.4511 6.28052 8.10677
 12.756 40.3345 48.468 38.9984 26.4798 16.5052 9.9472 5.86719 7.75006
 12.7104 40.3249 48.6768 39.6285 26.8656 16.6386 9.82535 5.72886 7.52357
 12.7207 40.1694 48.522 39.5653 27.1304 16.7761 9.84317 5.62349 7.27684
 12.7198 40.4226 51.1254 44.0028 30.396 19.017 11.1406 6.32402 7.95255
 12.9081 40.4101 51.3277 46.1582 33.6478 21.2067 12.5698 7.12419 8.76218
 13.0375 40.9609 50.7153 45.315 34.4756 22.9283 13.6904 7.85082 9.52488
 13.0857 41.3402 51.0126 44.114 33.3212 23.1273 14.5718 8.41781 10.2572
 13.0896 41.5247 51.887 45.0443 32.9546 22.7098 14.933 9.10281 11.1997
 13.1154 41.5309 52.0402 45.6839 33.5473 22.3915 14.6187 9.3 12.1376
 13.1336 41.6413 52.4063 46.4266 34.4981 23.1129 14.6154 9.23158 12.9885
 13.1671 41.7133 52.7288 47.0654 35.3049 23.9352 15.1924 9.29441 13.548
 13.2021 41.8178 52.7951 47.3125 35.7569 24.4718 15.718 9.65222 13.9099
 13.226 41.9216 52.8342 47.2127 35.8177 24.6973 16.0134 9.95078 14.2988
 13.2375 41.9132 51.8941 45.4199 34.2897 23.7313 15.5025 9.72471 14.1167
 13.186 41.9377 51.7346 44.3616 32.793 22.5845 14.8079 9.35868 13.7957
 13.1349 41.7889 51.9445 44.5254 32.2577 21.7534 14.1933 9.00346 13.4923
 13.109 41.6644 52.2385 45.5111 32.9905 21.8051 13.9309 8.79383 13.3557
 13.1211 41.5589 51.787 45.2664 33.3316 22.0423 13.8024 8.53134 12.9964
 13.1149 41.5789 51.4234 44.4828 32.8475 22.0649 13.8239 8.37465 12.5148
 13.0944 41.5803 51.7132 44.6144 32.6204 21.9751 13.9848 8.47667 12.2746
 13.0936 41.5669 52.3748 45.9768 33.5692 22.3932 14.2918 8.79943 12.5155
 13.1331 41.5727 52.4607 46.7404 34.7313 23.136 14.6216 9.02826 12.9086
 13.1698 41.6415 51.7497 45.5898 34.3356 23.2759 14.6893 8.98147 12.9177
 13.1546 41.7433 51.6542 44.6673 33.2518 22.8464 14.6725 8.95864 12.8027
 13.1286 41.7169 52.0567 45.0475 32.9347 22.3675 14.5595 9.04641 12.8622
 13.1257 41.6563 52.301 45.867 33.5756 22.3953 14.4095 9.07442 13.0907
 13.1422 41.6772 52.6092 46.7351 34.6955 23.172 14.6429 9.11505 13.4401
 13.1769 41.7437 52.8129 47.3134 35.5915 24.1075 15.2536 9.32558 13.7668
 13.212 41.853 52.8867 47.479 36.0178 24.7204 15.8632 9.71071 14.089
 13.2362 41.9583 52.9467 47.4109 36.0365 24.942 16.218 10.0687 14.4795
 13.2485 42.0402 53.1434 47.573 36.0712 25.0149 16.4028 10.3187 14.972
 13.2602 42.0971 53.4715 48.1338 36.5003 25.251 16.5901 10.5246 15.5543
 13.2806 42.1368 53.5792 48.4919 36.9792 25.5852 16.7688 10.6589 16.0576
 13.2981 42.2017 53.6298 48.5895 37.2543 25.9209 16.9907 10.7737 16.4474
 13.3107 42.2574 53.7123 48.6354 37.3293 26.1137 17.2137 10.9163 16.7561
 13.3195 42.2974 53.7833 48.7103 37.3645 26.1663 17.3417 11.0595 17.0331
 13.3257 42.3252 53.8342 48.7746 37.4221 26.191 17.3766 11.1418 17.2912
 13.3302 42.3451 53.8696 48.8207 37.4715 26.2313 17.393 11.1643 17.4995
 13.3335 42.344 53.698 48.5139 37.2338 26.0742 17.2926 11.0932 17.5112
 13.3261 42.3699 53.8934 48.6973 37.2713 26.0994 17.3155 11.1103 17.6024
 13.3297 42.2919 53.2349 47.6836 36.4551 25.4556 16.8876 10.8396 17.2152
 13.2981 42.284 52.8901 46.6803 35.3613 24.6639 16.316 10.4723 16.6622
 13.2589 42.1707 52.7142 46.0968 34.3966 23.7709 15.7075 10.0531 16.0122
 13.2203 42.0553 52.6869 46.1366 34.1168 23.225 15.206 9.72113 15.4494
 13.1989 41.9372 52.5974 46.2054 34.2184 23.0848 14.8882 9.43065 14.951
 13.1876 41.8485 52.1864 45.6797 33.9201 22.9169 14.6471 9.13917 14.3346
 13.1651 41.8031 51.9507 45.1113 33.3695 22.6053 14.4689 8.9469 13.7342
 13.1402 41.6921 51.3897 44.0584 32.2986 21.7947 13.9874 8.66173 13.0081
 13.0917 41.611 51.2283 43.5412 31.5132 21.0741 13.4723 8.36505 12.418
 13.0532 41.4517 51.0527 43.2778 31.0475 20.4982 12.9867 8.03214 11.8743
 13.0216 41.3401 50.9877 43.3469 31.0236 20.3028 12.6991 7.78386 11.4345
 13.0076 41.2358 50.7978 43.2038 31.0067 20.2437 12.5511 7.59519 11.0163
 12.995 41.1663 50.3511 42.5118 30.5027 19.969 12.3514 7.40881 10.5304
 12.9651 41.1623 50.7202 42.8895 30.5784 20.0148 12.4135 7.42841 10.3434
 12.9711 41.0599 50.6206 43.0459 30.7313 19.987 12.3939 7.43694 10.2092
 12.972 41.1291 51.1278 44.0182 31.6425 20.6088 12.6983 7.61817 10.4017
 13.0116 41.1359 51.2675 44.5494 32.4262 21.2653 13.1214 7.82197 10.6453
# numbers
 1691.89 2123.6 1341.39 404.462 121.789 87.204 60.8688 34.3179 134.796
 1965 1022.46 1241.37 757.595 227.594 68.5178 49.0598 34.244 95.1412
 2004.67 1180.83 562.9 620.85 374.891 112.556 33.8844 24.2617 63.9853
 1985.89 1215.57 714.314 339.7 374.578 226.18 67.9079 20.4432 53.2414
 1984.88 1196.86 690.473 380.991 179.949 198.349 119.766 35.9583 39.0172
 1957.23 1198.5 693.406 383.142 210.433 99.3657 109.525 66.1325 41.4
 1944.98 1158.19 549.784 225.845 119.441 65.4376 30.8953 34.0537 33.4343
 1783.48 1159.76 583.834 226.454 90.8389 47.9772 26.2833 12.4092 27.1068
 1726.77 1073.43 649.433 302.464 116.322 46.6387 24.632 13.4941 20.2878
 1778.98 1028.43 533.518 258.775 117.391 45.0798 18.0731 9.54518 13.0909
 1725.72 1074.51 597.781 297.974 143.91 65.2681 25.0635 10.0483 12.5852
 1790.96 1025.66 520.728 224.107 108.278 52.2022 23.6733 9.09069 8.20933
 1704.23 1078.59 578.092 273.389 116.75 56.384 27.1829 12.3272 9.0085
 1755.54 1010.25 506.015 199.731 90.9076 38.7381 18.7062 9.01825 7.07839
 1649.53 1037.96 458.349 159.975 60.2606 27.3549 11.655 5.62803 4.84291
 1534.81 986.419 541.012 203.713 69.8119 26.2703 11.9246 5.08065 4.5645
 1603.19 915.032 496.241 221.793 81.5233 27.9 10.4981 4.76525 3.85434
 1617.02 965.754 517.16 262 116.234 42.7057 14.615 5.49924 4.51524
 1703.77 979.383 577.471 305.241 154.427 68.5046 25.1694 8.61359 5.90221
 1792.26 1033.39 594.026 350.254 185.138 93.6644 41.5502 15.266 8.80428
 1855.24 1086.95 626.13 359.582 211.999 112.058 56.692 25.149 14.5689
 1894.03 1123.88 651.194 370.932 212.771 125.435 66.3022 33.5434 23.5002
 1915.08 1144.46 656.024 366.738 208.101 119.344 70.3561 37.1886 31.9955
 1917.68 1157.49 669.852 371.433 206.907 117.384 67.3177 39.6854 39.0244
 1921.23 1155.58 656.465 356.16 196.109 109.2 61.9507 35.5277 41.54
 1908.51 1159.16 664.051 358.398 193.373 106.442 59.2698 33.6245 41.8295
 1905.89 1150.27 658.698 354.474 190.019 102.486 56.4122 31.4117 39.9889
 1899.07 1149.99 661.534 360.201 192.788 103.314 55.7212 30.6711 38.8203
 1900.61 1145.56 659.431 359.627 194.688 104.168 55.8222 30.107 37.5472
 1900.47 1152.78 694.812 399.96 218.122 118.082 63.1801 33.8575 41.0338
 1928.61 1152.42 697.561 419.552 241.456 131.679 71.2856 38.1414 45.2113
 1947.94 1168.13 689.238 411.888 247.397 142.369 77.6408 42.0316 49.1467
 1955.14 1178.95 693.279 400.972 239.113 143.604 82.639 45.0671 52.9251
 1955.72 1184.21 705.162 409.428 236.482 141.012 84.6874 48.7345 57.7887
 1959.59 1184.39 707.245 415.241 240.735 139.036 82.905 49.7902 62.628
 1962.3 1187.53 712.22 421.992 247.558 143.515 82.8862 49.4239 67.0183
 1967.31 1189.59 716.602 427.798 253.348 148.621 86.1585 49.7603 69.9054
 1972.53 1192.57 717.504 430.044 256.591 151.952 89.1392 51.6759 71.7728
 1976.11 1195.53 718.035 429.137 257.028 153.353 90.8149 53.2743 73.7795
 1977.82 1195.29 705.259 412.841 246.063 147.355 87.917 52.064 72.8397
 1970.14 1195.99 703.091 403.222 235.322 140.234 83.9782 50.1044 71.1833
 1962.5 1191.74 705.944 404.71 231.481 135.074 80.4928 48.2026 69.6178
 1958.63 1188.19 709.94 413.671 236.74 135.394 79.0046 47.0803 68.9132
 1960.43 1185.19 703.803 411.446 239.188 136.867 78.2756 45.675 67.0594
 1959.51 1185.76 698.862 404.324 235.714 137.007 78.3973 44.8361 64.574
 1956.44 1185.8 702.801 405.52 234.084 136.45 79.3103 45.3823 63.3348
