## assessCA model parameter and state variable estimates
## Model dimensions
# nT
83
# nAges
9

## Parameter estimates
# initN_mult
 1.15124 2.13858 2.75555 0.941574 0.39926 0.44724 0.495044 0.468073 0.976572
# logit.ySteepness
1.1601
# rSteepness
0.816423
# rec.a
164.524
# rec.b
0.20791
# R0
746.839
# B0
80.7524
# M
0.653255
# aSel50
3.06084
# aSel95
4.6556
# aSelS50
4.02474
# aSelS95
6.27962
# omega
 0.292521 1.73773 0.0682449 0.154741 0.9616 0.961974 1.35613 -0.427068 0.492651 1.30892 0.97306 0.523603 -0.560414 -0.828886 1.36108 -0.503519 -0.0804245 0.671378 0.258537 0.886899 0.538166 0.645416 0.648551 -0.189951 -0.221862 -0.201082 -0.838041 1.66143 -0.471541 -0.368553 -1.45743 -0.999039 -0.222267 -0.215853 -0.115616 1.56904 -0.407216 -0.857585 -0.0850949 0.941803 -0.720417 -0.132085 -1.13313 -0.22765 1.06087 0.567981 -1.00674 -0.249381 -1.70742 -0.667234 0.345839 -1.11411 -0.056683 -1.04455 -0.47034 -1.1647 0.352622 -0.472947 0.189403 -0.879125 0.535076 -0.318942 0.57552 -0.779725 -0.291181 0.818687 0.48233 0.292498 0.615126 0.514967 0.446361 0.562335 -0.0175928 0.409553 -0.744671 0.904451 -0.647515 0.42038 0 0
# Rt
 859.789 993.551 4271.57 793.414 873.586 1977.45 1998.65 2848.09 469.299 1212.62 2751.65 1988.18 1225.27 421.617 319.239 2750.96 408.676 481.512 1292.18 922.219 1734.12 1233.65 1390.44 1402.73 612.139 591.027 604.27 316.636 3775.97 432.721 488.731 172.196 277.79 599.254 592.807 637 3372.81 469.313 303.882 682.924 1936.08 364.367 648.212 239.451 595.378 2140 1289.79 264.9 575.081 135.741 382.236 1033.18 233.21 647.866 240.235 426.67 208.397 930.663 399.231 768.334 271.702 1159.78 502.232 1244.2 326.188 541.365 1663.48 1192.21 978.617 1360.92 1250.41 1174.2 1321.26 741.213 1134.47 356.692 1844.02 386.493 1106.9 716.097 712.104 693.572 686.842
# Mt
 0.45659 0.457457 0.460414 0.464664 0.471119 0.476433 0.482651 0.489076 0.495831 0.505113 0.516113 0.529218 0.545049 0.562369 0.573694 0.581256 0.585018 0.582915 0.574501 0.562864 0.549296 0.536661 0.526678 0.517352 0.510464 0.507324 0.508485 0.509993 0.511037 0.511375 0.512696 0.515542 0.517844 0.517583 0.514194 0.505658 0.49636 0.488196 0.482151 0.477477 0.472969 0.466926 0.462071 0.459861 0.460128 0.462624 0.469927 0.483487 0.501385 0.522997 0.546086 0.570203 0.592268 0.610078 0.624605 0.636119 0.638649 0.630949 0.613262 0.592099 0.569304 0.545813 0.521834 0.500483 0.483888 0.471745 0.46438 0.458132 0.452849 0.451131 0.453681 0.460315 0.472294 0.486977 0.504328 0.524401 0.547813 0.573744 0.598632 0.621409 0.640225 0.649719 0.653255
# kappa
1.10787
# tau
0.350341
# sigmaR
1.05102
# q
0.518575
# q1
0.399454
# q2
0.518575

## Derived variables
# spawnBt
 71.6854 90.6456 70.9357 83.7535 102.765 133.281 61.3875 48.0521 70.7007 74.3653 90.4904 53.3038 67.135 58.6037 39.4352 28.2425 9.31378 24.2417 43.2453 44.6302 48.7254 56.4642 60.8482 69.6297 66.3529 67.7332 59.3605 46.3535 34.0659 40.0777 68.7323 98.2351 83.889 63.5264 45.1065 37.9778 39.3863 45.9835 74.915 99.7561 84.866 68.9811 74.9215 82.2105 70.4819 58.1644 52.5307 66.5185 84.2223 77.208 58.3944 42.3152 31.2078 30.2532 30.2949 26.0297 22.9289 20.4514 19.657 23.0026 29.1348 33.0934 36.7559 42.797 52.021 61.1419 63.9911 57.7028 63.5919 81.3461 90.609 94.3953 98.1873 95.1054 89.8251 79.905 67.2526 54.369 45.786 43.236 34.1272 31.619 27.643
# exploitBt
 78.744 95.0891 74.0955 91.4945 113.397 135.313 65.5827 54.8885 78.3376 80.5044 92.4993 59.0556 74.9481 63.3486 41.7995 29.3985 13.0683 29.2321 44.2835 46.8559 52.4453 60.3263 65.7678 73.6634 70.6935 71.1296 61.036 48.1148 35.9234 45.4793 77.4395 98.9177 84.4612 64.0354 46.3992 40.0189 41.6954 51.6956 83.056 100.401 85.9635 72.9881 79.8476 83.372 71.9451 59.4711 56.7614 73.0528 86.9139 77.8712 59.4802 42.9679 33.0763 32.3815 31.2601 27.3016 23.7034 21.4031 21.047 25.1729 30.664 34.8784 38.6223 45.9314 54.5136 64.2011 65.2237 61.0507 69.1043 85.1955 94.3314 98.9619 102.291 99.0523 93.3263 82.4743 69.8379 57.0087 49.5292 44.9352 36.6438 33.4577 29.4505
# exploitBtS
 51.8534 60.7884 50.0827 64.6002 69.4683 88.3315 46.081 32.8342 45.7986 46.4691 61.5658 40.5465 45.6368 36.2353 24.7393 19.2857 7.03325 13.4679 25.5164 33.5477 37.1399 41.1006 43.2147 48.5658 47.2018 47.635 42.8523 35.5028 25.8578 31.894 45.5933 63.0934 65.674 54.6909 40.228 31.9349 30.586 35.6549 49.7597 65.1798 67.3846 58.7932 56.7135 59.3867 56.1503 48.141 44.3986 48.5792 56.7622 57.8981 48.3605 35.8561 26.9621 23.0049 21.9803 19.8832 17.4369 15.9923 15.4954 16.8655 20.3945 24.1898 27.7716 32.141 37.8338 45.3365 47.905 46.9016 47.7536 56.8141 66.8909 71.7118 74.0082 72.3087 68.2311 61.3298 52.2387 42.5848 33.7382 30.3283 25.1627 22.4565 19.9386
# Ft
 0 0.514035 0.0158557 0.310738 0.161305 0.710229 0.667694 0.333355 0.610736 0.119508 0.57885 0.26478 0.749958 0.802252 0.573273 1.1125 0.990542 0.106407 0 0.00673147 0.0784495 0.223141 0.192225 0.322789 0.262325 0.311636 0.29242 0.392849 6.40472e-05 0.0193516 0.0716162 0.0882058 0.0667404 0.0989122 0.076865 0.0540298 0.0576326 0.0618378 0.144915 0.128449 0.130037 0.100649 0.121607 0.137735 0.129463 0.071007 0.0616447 0.127671 0.12282 0.107644 0.104453 0.0752113 0.0563563 0.0611912 0.0848846 0.0785757 0.0123907 0 0 0 0 0 0 0.0367974 0 0.0922916 0.121069 0.149103 0.115753 0.0877503 0.101216 0.10538 0.139443 0.142474 0.154697 0.160669 0.194161 0.277909 0.248047 0.289981 0.227978 0.242448 0
# D
0.385616
# projSpawnBio
29.3331
# projExpBio
31.1236
# projExpBioS
19.9386
# trendBio
-0.00638741

## Priors
# pmSteepness
0.8
# psdSteepness
0.08
# pmM
0.5
# psdM
0.05

## Minimization properties
# eiv_nll
28.0695
# age_nll
446.262
# steepness_nlp
8.28226
# objFun
529.615
# maxGrad
5.55292e-05
# iExit
1
# nEval
292

## Life history schedules
# len
 10.34 17.5605 22.2575 25.3129 27.3005 28.5934 29.4345 29.9816 30.3375
# wt
 0.00669296 0.0350653 0.0735816 0.110018 0.139353 0.161049 0.176331 0.186784 0.193805
# mat
 0.00680752 0.0619228 0.38865 0.859599 0.983323 0.998242 0.999817 0.999981 0.999998
# sel
 0.0217751 0.123613 0.471946 0.849921 0.972888 0.995621 0.999306 0.99989 0.999983

## Input data
# katch
 18.129 48.8791 1.17484 28.4308 18.2915 96.1035 43.7892 18.2974 47.8436 9.62089 53.5432 15.6368 56.2079 50.8216 23.9625 32.706 12.9447 3.11049 0 0.315409 4.1143 13.4612 12.6422 23.7778 18.5447 22.1666 17.8481 18.9019 0.00230079 0.880096 5.54592 8.72512 5.63697 6.33389 3.56647 2.16221 2.40301 3.19674 12.036 12.8964 11.1784 7.34617 9.71002 11.4833 9.31424 4.22287 3.49904 9.32675 10.6748 8.38237 6.2129 3.23167 1.86406 1.98146 2.6535 2.14524 0.293703 0 0 0 0 0 0 1.69016 0 5.92522 7.89659 9.10287 7.99902 7.47594 9.54782 10.4286 14.2637 14.1124 14.4373 13.2511 13.5598 15.8432 12.2856 13.0304 8.35398 8.11176 0
# lastDt
0
# ItScaled
 30.2983 61.9325 50.9295 172.303 45.0242 112.622 52.2022 23.7652 42.9746 45.8665 48.7203 51.2695 126.662 33.9431 38.1905 16.6811 8.32644 9.19051 23.8882 22.615 30.7134 62.9394 31.7252 37.5767 36.5671 98.3236 49.7622 39.0072 22.9673 27.6864 64.9906 79.4314 67.2073 85.6945 18.2414 21.4138 28.8771 39.0056 55.8735 95.159 40.5226 37.3563 57.0348 51.8253 26.8729 38.6843 77.6344 48.5937 87.8668 51.3512 72.3765 49.7806 19.9534 22.2989 42.1936 24.1377 15.9195 8.18633 12.1527 15.9883 18.4322 15.0858 16.4142 31.6597 29.6429 90.7971 52.6286 24.2611 37.7173 61.6301 50.8528 142.315 81.3953 73.307 64.8432 66.2758 102.684 49.5532 58.644 24.7703 25.1739 20.8245 13.5911
# obsPropAge
 0.00043047 0.0221353 0.375368 0.233566 0.0882507 0.0696394 0.055383 0.0275861 0.127641
 0.00138425 0.0223738 0.230022 0.50111 0.111541 0.0286019 0.0225366 0.0100952 0.0723348
 0.0204207 0.0263981 0.192852 0.388007 0.260402 0.0587061 0.0111216 0.00877253 0.0333201
 0.00184576 0.088907 0.136905 0.202166 0.297502 0.204622 0.0321965 0.00508782 0.0307675
 0.00168869 0.0267117 0.548543 0.18129 0.0595702 0.0973753 0.0606873 0.0146302 0.00950338
 0.00342451 0.0140408 0.0740881 0.669341 0.124402 0.0388866 0.0441538 0.0218827 0.00978022
 0.00512566 0.0903717 0.166132 0.174928 0.478726 0.048353 0.0118306 0.0115121 0.013022
 0.00380782 0.0643165 0.477675 0.205769 0.0765084 0.145504 0.00943366 0.00364605 0.0133395
 0.000250651 0.0694199 0.358201 0.416378 0.107848 0.0150984 0.0265452 0.00321547 0.00304375
 0.00167852 0.00314002 0.450516 0.344326 0.153641 0.0275869 0.00519347 0.012135 0.00178275
 0.00508141 0.0135307 0.0194683 0.642729 0.217315 0.077294 0.0174105 0.00283128 0.00433918
 0.01051 0.180954 0.219806 0.113813 0.272367 0.142182 0.0453053 0.00949911 0.00556319
 0.00285657 0.0555617 0.512232 0.228748 0.0381725 0.103602 0.0470727 0.00914994 0.00260355
 0.00223663 0.0627413 0.361973 0.405722 0.0934293 0.0126083 0.0388142 0.0135338 0.0089418
 0.0061305 0.026909 0.251688 0.525357 0.150333 0.0259707 0.00364552 0.00665239 0.00331437
 0.0292525 0.0527297 0.202237 0.477941 0.168924 0.0547744 0.00928476 0.00204202 0.00281463
 0.00405596 0.563901 0.240119 0.127071 0.0524429 0.00849136 0.00301671 0.000586121 0.000316346
 0.00123097 0.0246588 0.926201 0.0351664 0.0102528 0.00201642 0.000357939 7.60128e-05 4.01031e-05
 0.00810291 0.0201792 0.104036 0.839262 0.0214683 0.00574154 0.000992767 0.000164316 5.34498e-05
 0.0017668 0.0429766 0.0980586 0.160185 0.679776 0.0142423 0.0025587 0.000330329 0.000106369
 0.0047288 0.0200037 0.275002 0.15967 0.0933424 0.434429 0.0101753 0.00200078 0.000648716
 0.00168391 0.0718193 0.151525 0.483588 0.111601 0.0398725 0.132056 0.0065199 0.00133487
 0.00245455 0.0207773 0.35293 0.259868 0.171873 0.0664708 0.0223507 0.100938 0.00233706
 0.00152415 0.0273629 0.120326 0.508531 0.141732 0.124825 0.0267913 0.0115286 0.0373796
 0.000869392 0.0344509 0.191063 0.382257 0.203993 0.0935362 0.0600693 0.00890773 0.0248534
 0.000857209 0.023965 0.200927 0.417681 0.168677 0.0876437 0.0583982 0.0263253 0.0155255
 0.000740482 0.00916431 0.0949733 0.507398 0.214851 0.0839912 0.057364 0.0161973 0.0153207
 0.000682279 0.0176708 0.0935761 0.238943 0.30315 0.1902 0.0882885 0.0392412 0.0282482
 0.0270727 0.0131642 0.205301 0.300418 0.172724 0.160339 0.0589152 0.0454902 0.0165756
 0.00110386 0.174188 0.0651655 0.289204 0.215577 0.0830596 0.108952 0.0336458 0.0291032
 0.000405954 0.00535631 0.659739 0.0801262 0.11394 0.0544615 0.038079 0.0285521 0.0193397
 6.84206e-05 0.00577902 0.0298391 0.797764 0.0622027 0.0505318 0.0283668 0.0100017 0.0154469
 0.000232357 0.00199486 0.0431784 0.0879616 0.760588 0.0308417 0.0323454 0.0191464 0.023711
 0.000941148 0.0072712 0.0196074 0.160152 0.0891442 0.610984 0.026616 0.046911 0.0383735
 0.00220994 0.0110704 0.0761088 0.0406516 0.162396 0.104672 0.515577 0.0227395 0.0645739
 0.00219006 0.0257641 0.171181 0.106214 0.0508107 0.13859 0.0943303 0.358124 0.0527969
 0.0162532 0.0371783 0.222372 0.259558 0.102106 0.0447002 0.0738958 0.0447643 0.199173
 0.00150678 0.170105 0.15082 0.216533 0.23817 0.0632098 0.0252844 0.0426125 0.0917577
 0.000178365 0.00994695 0.576243 0.131206 0.126375 0.0838463 0.0211989 0.0080312 0.0429732
 0.000663145 0.00322683 0.0412489 0.759542 0.0955435 0.0418216 0.0329512 0.00853354 0.0164694
 0.00160235 0.0109985 0.031729 0.119015 0.633718 0.111543 0.0328904 0.0343213 0.0241823
 0.000246937 0.0436963 0.0998336 0.0696182 0.110462 0.545178 0.0573698 0.0178845 0.0557105
 0.00057239 0.00472809 0.243524 0.222703 0.0623526 0.0827896 0.293264 0.0414617 0.0486048
 0.000210823 0.00866371 0.0446378 0.496104 0.159909 0.0489917 0.0318221 0.166749 0.0429122
 0.0020135 0.00448113 0.070744 0.0907859 0.581811 0.0785639 0.030138 0.0229445 0.118518
 0.00976881 0.0201829 0.0435008 0.229242 0.0767519 0.44844 0.100585 0.0164428 0.0550865
 0.00257143 0.0792025 0.140868 0.072369 0.240844 0.113154 0.240836 0.040441 0.0697134
 0.000144144 0.0165959 0.51118 0.124064 0.0311262 0.122649 0.0319067 0.131507 0.0308265
 0.000712917 0.00357578 0.14365 0.533154 0.129673 0.0210271 0.0506488 0.0155639 0.101994
 0.000131627 0.0118378 0.0190471 0.361819 0.408266 0.0924064 0.0240243 0.0330036 0.0494643
 0.0011026 0.00263334 0.0673918 0.0900431 0.27426 0.402012 0.0614223 0.0161124 0.0850228
 0.0040681 0.0167225 0.0222235 0.29463 0.0648285 0.307774 0.168855 0.0467345 0.0741641
 0.00118847 0.0744502 0.137008 0.0444781 0.204117 0.0534264 0.209012 0.183061 0.0932591
 0.00338472 0.00757584 0.300288 0.171265 0.0342353 0.161728 0.0370344 0.158704 0.125785
 0.000794046 0.0388681 0.0588377 0.575417 0.14269 0.0187265 0.0514862 0.0187067 0.0944732
 0.00301273 0.0137638 0.23686 0.0917409 0.462816 0.0831881 0.0151011 0.0396086 0.0539088
 0.00199979 0.0332435 0.0593105 0.544638 0.0939876 0.158867 0.0476476 0.00956142 0.0507438
 0.00895838 0.0203804 0.185534 0.176699 0.305032 0.0785492 0.174966 0.0318319 0.0180485
 0.00268242 0.0692217 0.0940222 0.330551 0.122414 0.228624 0.0475179 0.0707438 0.0342232
 0.00569802 0.0276625 0.450747 0.126206 0.171203 0.0607433 0.109871 0.0124072 0.0354611
 0.00104455 0.0662566 0.139166 0.477545 0.0820372 0.125136 0.0327629 0.0538404 0.0222118
 0.00344701 0.0106048 0.235427 0.221419 0.392739 0.0346045 0.0591299 0.0172954 0.0253328
 0.00119262 0.0473625 0.0717157 0.362006 0.158895 0.267258 0.0252012 0.0427942 0.0235748
 0.00265631 0.0129259 0.423196 0.0987573 0.245416 0.0682097 0.108373 0.0139735 0.0264924
 0.000425437 0.0719678 0.0746315 0.435489 0.0715859 0.201946 0.0540997 0.0686072 0.0212472
 0.000538522 0.00450608 0.241779 0.165411 0.305056 0.0600641 0.125816 0.0324242 0.064405
 0.00188875 0.0170285 0.0384065 0.408951 0.198536 0.192212 0.0301281 0.0777637 0.0350867
 0.00107671 0.0508347 0.106749 0.110103 0.432656 0.0517081 0.151459 0.0243603 0.0710532
 0.00115992 0.0228794 0.337582 0.162712 0.0853741 0.187064 0.0621467 0.0872338 0.0538479
 0.00162987 0.0286339 0.116449 0.49041 0.109717 0.041941 0.134743 0.0184072 0.0580679
 0.00274814 0.0199393 0.139121 0.35527 0.306788 0.074573 0.0274622 0.0399608 0.0341373
 0.00107846 0.0232276 0.165803 0.201362 0.263148 0.233618 0.0504073 0.0172707 0.044085
 0.00128511 0.019455 0.138776 0.370366 0.217112 0.108976 0.0861356 0.0262406 0.0316537
 0.0016728 0.0192242 0.14519 0.284447 0.232965 0.100375 0.0867016 0.0870296 0.0423953
 0.00250648 0.0112055 0.18432 0.272858 0.214934 0.145411 0.0484052 0.0382817 0.0820785
 0.000797479 0.0287396 0.0809245 0.327427 0.200965 0.183384 0.0636738 0.0388038 0.0752856
 0.00414768 0.0108906 0.242854 0.173018 0.248407 0.133652 0.0657209 0.0476342 0.0736754
 0.000566911 0.0492739 0.0749849 0.356631 0.134724 0.173502 0.101581 0.0481484 0.0605887
 0.00225461 0.0097419 0.37887 0.0940564 0.211897 0.137645 0.0720823 0.0411134 0.0523394
 0.001444 0.0263288 0.0739363 0.661185 0.0622573 0.0809168 0.0289149 0.0313013 0.0337154
 0.00274888 0.0111728 0.269129 0.147988 0.48255 0.0249022 0.0220871 0.0130133 0.0264082
 0.00469956 0.0575216 0.156616 0.524129 0.079815 0.130411 0.0113052 0.0135802 0.0219226
 0.00326942 0.0511073 0.449604 0.180831 0.220874 0.0404734 0.0397146 0.00499974 0.00912587
# predPropAge
 0.0015913 0.0556905 0.364158 0.212237 0.0826548 0.0693632 0.0534457 0.0339276 0.126932
 0.00152278 0.0246802 0.227184 0.45807 0.12972 0.039758 0.0307929 0.0228584 0.0654135
 0.00840184 0.0362657 0.149948 0.375205 0.302864 0.0621079 0.0172741 0.0128535 0.0350791
 0.00126381 0.127111 0.147557 0.203918 0.273093 0.179458 0.0341828 0.00916894 0.0242467
 0.00112275 0.0188056 0.493266 0.170787 0.109597 0.113509 0.0686068 0.0125829 0.0117219
 0.00212982 0.0173167 0.0768437 0.638591 0.1112 0.0568699 0.054491 0.0317427 0.0108154
 0.00444146 0.0794101 0.161145 0.175156 0.467296 0.0517501 0.0233071 0.0213462 0.0161476
 0.00756223 0.0953747 0.427652 0.217731 0.0804763 0.141887 0.013968 0.00602283 0.00932576
 0.000873087 0.0952848 0.312646 0.4141 0.0965508 0.0274446 0.0444566 0.00421326 0.00443124
 0.00219525 0.0150449 0.414415 0.351846 0.169552 0.0272111 0.00694115 0.010782 0.0020124
 0.00433544 0.0338261 0.0616854 0.54694 0.238074 0.0920513 0.0136849 0.00336511 0.00603764
 0.00490653 0.11747 0.232151 0.111385 0.37171 0.113488 0.0395448 0.00564154 0.00370324
 0.00238259 0.0662849 0.415896 0.2499 0.0571785 0.149108 0.041958 0.0140821 0.00321038
 0.000969973 0.046995 0.324843 0.487785 0.0885761 0.0123271 0.0279863 0.00751252 0.00300546
 0.00111307 0.0242038 0.289621 0.464115 0.192137 0.0196351 0.00232813 0.00502292 0.00182449
 0.0136376 0.0259921 0.143249 0.452285 0.274341 0.0799059 0.00736401 0.000837986 0.0023877
 0.00455762 0.496005 0.225085 0.229596 0.0447567 1.39485e-09 4.75763e-09 5.71648e-08 1.43517e-07
 0.00240063 0.0331004 0.870328 0.0805494 0.0131366 0.000479727 1.68259e-06 1.78338e-06 1.85071e-06
 0.00425266 0.0264726 0.0972568 0.827186 0.0394776 0.00517619 0.000175167 1.35636e-06 1.64135e-06
 0.00286845 0.0680851 0.114168 0.140971 0.64561 0.0251333 0.00306206 9.99414e-05 1.80752e-06
 0.00481893 0.0439997 0.281134 0.158069 0.104828 0.391282 0.0141516 0.00166284 5.40611e-05
 0.00298032 0.0727281 0.177447 0.370544 0.10873 0.0582103 0.201501 0.00702662 0.000833619
 0.00308117 0.0477828 0.306927 0.231569 0.235836 0.0545369 0.026954 0.089894 0.00341933
 0.00277525 0.0485663 0.198896 0.399937 0.149495 0.120682 0.0257921 0.0122837 0.041573
 0.00126197 0.0512604 0.233643 0.283928 0.263173 0.0758543 0.0562895 0.0115824 0.0230075
 0.00121098 0.0223319 0.237787 0.329865 0.191423 0.138722 0.0368551 0.0263431 0.0154622
 0.00144286 0.0250711 0.120564 0.382746 0.246418 0.110564 0.0736937 0.0188516 0.0206485
 0.00095909 0.0324812 0.147477 0.213167 0.317672 0.158847 0.0656099 0.0421129 0.0216744
 0.015319 0.0227223 0.198927 0.259901 0.165412 0.186492 0.0853964 0.0339381 0.0318924
 0.00138667 0.215808 0.0862275 0.25371 0.178484 0.0926586 0.0970695 0.0428699 0.0317857
 0.000919784 0.0144992 0.606651 0.0809155 0.127252 0.0728462 0.0351238 0.0354861 0.0263067
 0.000253704 0.0127692 0.053826 0.737867 0.0515097 0.0654578 0.0347574 0.0161588 0.0274004
 0.000479333 0.00525503 0.070606 0.0969229 0.690548 0.038861 0.0457864 0.02344 0.0281015
 0.00136386 0.0111898 0.032821 0.144736 0.104198 0.600292 0.0313387 0.0356025 0.0384588
 0.00186201 0.0334037 0.07308 0.0695293 0.158627 0.0919147 0.490807 0.0247027 0.0560734
 0.00231981 0.0386596 0.185357 0.132609 0.065888 0.121376 0.0652265 0.335821 0.0527433
 0.0117891 0.0402638 0.179754 0.284173 0.107178 0.0431358 0.0737403 0.0382115 0.221755
 0.00132309 0.173346 0.158542 0.233075 0.193965 0.0592284 0.0221188 0.0364605 0.121941
 0.000533227 0.0151026 0.529649 0.159275 0.123048 0.0828579 0.0234744 0.00845302 0.0576072
 0.000991316 0.00811278 0.0609802 0.681817 0.103913 0.0641523 0.0399859 0.0109191 0.0291278
 0.00328236 0.0213981 0.0465538 0.11226 0.64094 0.0782676 0.0447483 0.0268859 0.0256638
 0.000727553 0.0718782 0.124548 0.0868776 0.106901 0.488905 0.0552867 0.0304695 0.0344071
 0.00118313 0.0124334 0.327488 0.183949 0.0663324 0.0656767 0.278392 0.0303504 0.0341945
 0.000418577 0.0212213 0.059328 0.502613 0.144605 0.0418253 0.0383588 0.15674 0.0348907
 0.00120606 0.00907866 0.122242 0.109254 0.470641 0.108332 0.0290099 0.0256452 0.12459
 0.00524427 0.027245 0.0545149 0.235397 0.107382 0.370574 0.0789921 0.0203903 0.10026
 0.00331165 0.101986 0.141692 0.0929092 0.210026 0.0774247 0.247842 0.050939 0.0738695
 0.000528474 0.0471265 0.388492 0.177478 0.0611599 0.111873 0.0382637 0.118105 0.0569748
 0.000964314 0.00797951 0.18918 0.500462 0.116788 0.0322505 0.0546332 0.0180125 0.0797301
 0.000254046 0.0189233 0.0416515 0.317468 0.42994 0.08046 0.0205799 0.033607 0.0571161
 0.000936563 0.00571609 0.113433 0.0807252 0.317111 0.345205 0.0598638 0.0147613 0.0622475
 0.00350436 0.0217523 0.0353808 0.227279 0.0834768 0.263715 0.266045 0.0444781 0.0543688
 0.00102756 0.0747598 0.124044 0.0660177 0.221624 0.0657421 0.192626 0.187368 0.066791
 0.00291585 0.0169396 0.33008 0.180433 0.0505765 0.137488 0.0378448 0.106923 0.136799
 0.00112001 0.048039 0.0747086 0.478759 0.137564 0.0312039 0.078702 0.0208888 0.129015
 0.00227762 0.0201522 0.23082 0.11704 0.390369 0.0904649 0.0190272 0.0462694 0.0835803
 0.00128132 0.041126 0.0972342 0.363963 0.0963098 0.259313 0.0557304 0.0113016 0.0737413
 0.00633714 0.0224502 0.19386 0.15338 0.307691 0.0663118 0.165853 0.0343766 0.0497405
 0.00276448 0.103803 0.0990587 0.287488 0.122478 0.200418 0.0401345 0.0968147 0.0470407
 0.00444831 0.0380266 0.384626 0.123362 0.192783 0.0669947 0.101864 0.019674 0.0682204
 0.00129134 0.0614635 0.141536 0.481147 0.0830961 0.105925 0.0342038 0.0501587 0.0411783
 0.00484616 0.019563 0.250822 0.194122 0.355342 0.0500589 0.0592929 0.0184658 0.0474867
 0.00189515 0.0772412 0.083993 0.361939 0.150835 0.225219 0.0294811 0.0336788 0.0357173
 0.00394783 0.0287329 0.315457 0.115291 0.267513 0.090938 0.126169 0.0159287 0.0360228
 0.000872049 0.0609297 0.119007 0.433478 0.0840986 0.15843 0.0499994 0.0668961 0.0262882
 0.00122893 0.0137401 0.258604 0.169762 0.33296 0.0526922 0.0922358 0.0280748 0.0507017
 0.00371698 0.022567 0.0673266 0.412035 0.140334 0.221751 0.0325327 0.0549036 0.0448332
 0.00284603 0.0745002 0.120336 0.115496 0.36213 0.0989367 0.144813 0.0204801 0.060462
 0.00206389 0.0473921 0.32909 0.169201 0.082143 0.205677 0.0520065 0.0733697 0.0390563
 0.00232807 0.0316313 0.193345 0.432774 0.114269 0.0445368 0.103312 0.0251826 0.0526213
 0.00193185 0.0396513 0.143824 0.286334 0.333172 0.0709211 0.0256283 0.0573173 0.0412204
 0.00172923 0.034487 0.188706 0.221835 0.228256 0.213695 0.0421595 0.0146876 0.0544447
 0.00188248 0.0309554 0.164512 0.291292 0.176659 0.146162 0.126809 0.0241186 0.0376099
 0.00109058 0.0354204 0.154663 0.2626 0.236245 0.114596 0.0877761 0.0734045 0.0342056
 0.00177161 0.0207255 0.178686 0.248982 0.214491 0.154264 0.0692692 0.0511413 0.0606685
 0.000630308 0.0351728 0.109089 0.298736 0.210004 0.144339 0.0960597 0.0415732 0.0643962
 0.00384816 0.0127559 0.188595 0.185365 0.255373 0.143085 0.0909852 0.0583596 0.0616322
 0.00098805 0.0786598 0.0688423 0.318381 0.154889 0.169083 0.0875494 0.0536455 0.0679628
 0.00325705 0.0184758 0.384935 0.101876 0.223029 0.0845449 0.0850147 0.0423958 0.0564706
 0.00232254 0.0570474 0.0849569 0.541873 0.0690221 0.118493 0.0414267 0.0401281 0.0447312
 0.00283218 0.0443726 0.284867 0.127644 0.38272 0.0378836 0.0598758 0.0201594 0.0396453
 0.00302116 0.0479356 0.197586 0.39149 0.0853373 0.201456 0.0184057 0.0280266 0.0267417
 0.00339893 0.0528368 0.220223 0.278523 0.266406 0.0455903 0.0992829 0.00873825 0.0250003
# obsPropAgeS
 -1 -1 -1 -1 -1 -1 -1 -1 -1
 -1 -1 -1 -1 -1 -1 -1 -1 -1
 -1 -1 -1 -1 -1 -1 -1 -1 -1
 -1 -1 -1 -1 -1 -1 -1 -1 -1
 -1 -1 -1 -1 -1 -1 -1 -1 -1
 -1 -1 -1 -1 -1 -1 -1 -1 -1
 -1 -1 -1 -1 -1 -1 -1 -1 -1
 -1 -1 -1 -1 -1 -1 -1 -1 -1
 -1 -1 -1 -1 -1 -1 -1 -1 -1
 -1 -1 -1 -1 -1 -1 -1 -1 -1
 -1 -1 -1 -1 -1 -1 -1 -1 -1
 -1 -1 -1 -1 -1 -1 -1 -1 -1
 -1 -1 -1 -1 -1 -1 -1 -1 -1
 -1 -1 -1 -1 -1 -1 -1 -1 -1
 -1 -1 -1 -1 -1 -1 -1 -1 -1
 -1 -1 -1 -1 -1 -1 -1 -1 -1
 -1 -1 -1 -1 -1 -1 -1 -1 -1
 -1 -1 -1 -1 -1 -1 -1 -1 -1
 -1 -1 -1 -1 -1 -1 -1 -1 -1
 -1 -1 -1 -1 -1 -1 -1 -1 -1
 -1 -1 -1 -1 -1 -1 -1 -1 -1
 -1 -1 -1 -1 -1 -1 -1 -1 -1
 -1 -1 -1 -1 -1 -1 -1 -1 -1
 -1 -1 -1 -1 -1 -1 -1 -1 -1
 -1 -1 -1 -1 -1 -1 -1 -1 -1
 -1 -1 -1 -1 -1 -1 -1 -1 -1
 -1 -1 -1 -1 -1 -1 -1 -1 -1
 -1 -1 -1 -1 -1 -1 -1 -1 -1
 -1 -1 -1 -1 -1 -1 -1 -1 -1
 -1 -1 -1 -1 -1 -1 -1 -1 -1
 -1 -1 -1 -1 -1 -1 -1 -1 -1
 -1 -1 -1 -1 -1 -1 -1 -1 -1
 -1 -1 -1 -1 -1 -1 -1 -1 -1
 -1 -1 -1 -1 -1 -1 -1 -1 -1
 -1 -1 -1 -1 -1 -1 -1 -1 -1
 -1 -1 -1 -1 -1 -1 -1 -1 -1
 -1 -1 -1 -1 -1 -1 -1 -1 -1
 -1 -1 -1 -1 -1 -1 -1 -1 -1
 -1 -1 -1 -1 -1 -1 -1 -1 -1
 -1 -1 -1 -1 -1 -1 -1 -1 -1
 -1 -1 -1 -1 -1 -1 -1 -1 -1
 -1 -1 -1 -1 -1 -1 -1 -1 -1
 -1 -1 -1 -1 -1 -1 -1 -1 -1
 -1 -1 -1 -1 -1 -1 -1 -1 -1
 -1 -1 -1 -1 -1 -1 -1 -1 -1
 -1 -1 -1 -1 -1 -1 -1 -1 -1
 -1 -1 -1 -1 -1 -1 -1 -1 -1
 -1 -1 -1 -1 -1 -1 -1 -1 -1
 -1 -1 -1 -1 -1 -1 -1 -1 -1
 -1 -1 -1 -1 -1 -1 -1 -1 -1
 -1 -1 -1 -1 -1 -1 -1 -1 -1
 -1 -1 -1 -1 -1 -1 -1 -1 -1
 -1 -1 -1 -1 -1 -1 -1 -1 -1
 -1 -1 -1 -1 -1 -1 -1 -1 -1
 -1 -1 -1 -1 -1 -1 -1 -1 -1
 -1 -1 -1 -1 -1 -1 -1 -1 -1
 -1 -1 -1 -1 -1 -1 -1 -1 -1
 -1 -1 -1 -1 -1 -1 -1 -1 -1
 -1 -1 -1 -1 -1 -1 -1 -1 -1
 -1 -1 -1 -1 -1 -1 -1 -1 -1
 -1 -1 -1 -1 -1 -1 -1 -1 -1
 -1 -1 -1 -1 -1 -1 -1 -1 -1
 -1 -1 -1 -1 -1 -1 -1 -1 -1
 -1 -1 -1 -1 -1 -1 -1 -1 -1
 -1 -1 -1 -1 -1 -1 -1 -1 -1
 -1 -1 -1 -1 -1 -1 -1 -1 -1
 -1 -1 -1 -1 -1 -1 -1 -1 -1
 -1 -1 -1 -1 -1 -1 -1 -1 -1
 -1 -1 -1 -1 -1 -1 -1 -1 -1
 -1 -1 -1 -1 -1 -1 -1 -1 -1
 -1 -1 -1 -1 -1 -1 -1 -1 -1
 -1 -1 -1 -1 -1 -1 -1 -1 -1
 -1 -1 -1 -1 -1 -1 -1 -1 -1
 -1 -1 -1 -1 -1 -1 -1 -1 -1
 -1 -1 -1 -1 -1 -1 -1 -1 -1
 -1 -1 -1 -1 -1 -1 -1 -1 -1
 -1 -1 -1 -1 -1 -1 -1 -1 -1
 -1 -1 -1 -1 -1 -1 -1 -1 -1
 -1 -1 -1 -1 -1 -1 -1 -1 -1
 -1 -1 -1 -1 -1 -1 -1 -1 -1
 -1 -1 -1 -1 -1 -1 -1 -1 -1
 -1 -1 -1 -1 -1 -1 -1 -1 -1
 -1 -1 -1 -1 -1 -1 -1 -1 -1
# predPropAgeS
 0.00209699 0.0454036 0.243514 0.186544 0.100806 0.0983407 0.0795833 0.0512424 0.19247
 0.00206705 0.0207266 0.156488 0.414725 0.162966 0.0580628 0.0472313 0.0355625 0.102172
 0.0107865 0.0288051 0.0976874 0.321285 0.359857 0.0857856 0.0250592 0.0189131 0.0518209
 0.00155327 0.0966525 0.0920268 0.167161 0.310635 0.237295 0.0474719 0.0129157 0.0342899
 0.00159038 0.0164805 0.35456 0.161357 0.143679 0.172986 0.109813 0.0204283 0.0191059
 0.00283121 0.0142416 0.0518355 0.566195 0.136807 0.0813339 0.08185 0.0483621 0.0165433
 0.00548526 0.0606754 0.10099 0.144282 0.534118 0.0687611 0.0325255 0.0302152 0.0229471
 0.0109701 0.0855969 0.314804 0.210666 0.108044 0.221443 0.0228959 0.0100137 0.0155666
 0.00129592 0.0875004 0.235485 0.40996 0.132633 0.0438266 0.0745629 0.00716758 0.00756826
 0.00330022 0.0139931 0.316144 0.352798 0.235904 0.0440113 0.0117911 0.0185777 0.00348115
 0.00565243 0.0272847 0.0408108 0.475617 0.287269 0.12912 0.0201608 0.00502846 0.00905772
 0.00620134 0.0918555 0.148892 0.0938974 0.4348 0.15432 0.0564762 0.00817226 0.00538571
 0.00339545 0.0584425 0.300762 0.237536 0.0754147 0.228617 0.0675661 0.0230012 0.00526447
 0.00147153 0.0441089 0.250076 0.493573 0.124365 0.0201201 0.0479755 0.0130625 0.00524649
 0.00163196 0.0219551 0.21548 0.453866 0.260719 0.0309728 0.00385709 0.00844066 0.00307807
 0.0180397 0.0212715 0.0961556 0.399043 0.335859 0.113719 0.0110071 0.00127047 0.0036343
 0.0073486 0.494786 0.184163 0.246914 0.066788 2.41966e-09 8.66807e-09 1.0564e-07 2.66268e-07
 0.00452157 0.0385712 0.831834 0.101191 0.0228993 0.000972117 3.58104e-06 3.84983e-06 4.01099e-06
 0.00640452 0.0246654 0.0743251 0.830891 0.0550238 0.0083868 0.000298087 2.34117e-06 2.8443e-06
 0.00347659 0.0510532 0.0702168 0.113959 0.724186 0.0327729 0.00419358 0.00013883 2.5208e-06
 0.00590501 0.0333568 0.174812 0.12919 0.118883 0.515846 0.0195948 0.00233535 7.62261e-05
 0.00379599 0.0573099 0.114688 0.314786 0.128169 0.0797667 0.290004 0.0102575 0.00122174
 0.00406913 0.0390411 0.205689 0.203977 0.28825 0.0774884 0.040223 0.136066 0.00519609
 0.00365281 0.0395481 0.132844 0.3511 0.182107 0.170894 0.0383599 0.0185305 0.062963
 0.00164011 0.0412166 0.154087 0.246121 0.316548 0.106063 0.0826642 0.0172527 0.0344067
 0.00156914 0.0179027 0.156352 0.285087 0.22956 0.19339 0.0539622 0.0391225 0.023054
 0.00178336 0.0191714 0.0756174 0.31553 0.281879 0.147024 0.102923 0.0267053 0.0293666
 0.00112792 0.0236329 0.0880103 0.167207 0.345758 0.200982 0.0871876 0.0567633 0.0293302
 0.0184679 0.0169476 0.121695 0.208983 0.184556 0.241885 0.116331 0.0468931 0.0442411
 0.00171586 0.165212 0.0541433 0.209392 0.204401 0.123355 0.135724 0.0607988 0.0452575
 0.00135566 0.0132213 0.453726 0.0795448 0.173582 0.115513 0.0584969 0.0599454 0.0446149
 0.00034516 0.0107479 0.03716 0.669556 0.064857 0.095811 0.0534326 0.0251963 0.0428944
 0.000534939 0.00362834 0.0399851 0.0721454 0.713239 0.0466596 0.057739 0.0299818 0.0360866
 0.00138573 0.0070339 0.0169219 0.0980843 0.0979808 0.656192 0.0359795 0.0414592 0.0449628
 0.00186366 0.0206845 0.037117 0.046416 0.146939 0.098976 0.555088 0.0283376 0.064579
 0.00252264 0.0260092 0.102283 0.0961812 0.0663107 0.142003 0.080148 0.418546 0.0659964
 0.013946 0.0294679 0.107904 0.224216 0.117341 0.0548992 0.0985687 0.051808 0.30185
 0.00166466 0.134932 0.101221 0.195591 0.225858 0.080173 0.031446 0.0525766 0.176538
 0.000772341 0.0135336 0.389291 0.153872 0.164947 0.129119 0.03842 0.0140327 0.0960115
 0.00132508 0.00670909 0.0413626 0.607871 0.12855 0.0922574 0.060395 0.0167282 0.0448008
 0.00363366 0.0146554 0.0261518 0.0828893 0.656673 0.093218 0.0559756 0.0341127 0.0326909
 0.000783778 0.0479061 0.0680855 0.062424 0.106582 0.566647 0.0673 0.0376208 0.0426507
 0.00144548 0.00939799 0.203032 0.149896 0.075003 0.0863278 0.384327 0.0424988 0.0480712
 0.000509929 0.0159945 0.0366762 0.408398 0.163039 0.0548194 0.0528038 0.21885 0.0489096
 0.00134098 0.00624511 0.0689707 0.0810225 0.484303 0.12959 0.0364472 0.0326808 0.1594
 0.00562186 0.0180696 0.0296552 0.168311 0.106537 0.427396 0.0956851 0.0250525 0.123672
 0.00367394 0.0699996 0.0797668 0.0687481 0.215642 0.0924117 0.31069 0.0647695 0.0942979
 0.000689625 0.038047 0.257253 0.154471 0.0738636 0.157063 0.0564212 0.17664 0.0855504
 0.0012813 0.00655956 0.127555 0.443526 0.143617 0.0461031 0.0820267 0.027431 0.1219
 0.000296503 0.013664 0.0246681 0.247133 0.464406 0.101031 0.0271409 0.0449551 0.076705
 0.000999591 0.00377441 0.061435 0.0574658 0.313236 0.39639 0.0721963 0.0180569 0.0764463
 0.00364412 0.0139944 0.0186699 0.157637 0.0803386 0.295039 0.312611 0.0530106 0.0650554
 0.00109389 0.049238 0.0670089 0.046875 0.218353 0.0752957 0.231711 0.22861 0.0818152
 0.00356161 0.0128012 0.204593 0.146998 0.0571748 0.180679 0.052234 0.149688 0.192271
 0.00138224 0.0366793 0.0467867 0.394088 0.157123 0.0414314 0.109752 0.0295466 0.183211
 0.00271386 0.0148557 0.139563 0.0930154 0.430483 0.11597 0.0256181 0.0631878 0.114593
 0.00151149 0.0300143 0.0582043 0.286364 0.105146 0.329102 0.0742854 0.0152799 0.100094
 0.00735975 0.0161308 0.114248 0.11881 0.330718 0.0828553 0.21765 0.0457578 0.0664705
 0.00325839 0.0756943 0.0592477 0.226008 0.133605 0.254148 0.053453 0.130787 0.0637988
 0.00576145 0.0304712 0.252794 0.10657 0.23109 0.0933551 0.149082 0.0292054 0.101672
 0.00168485 0.0496138 0.0937079 0.41871 0.10034 0.148689 0.0504266 0.0750066 0.0618212
 0.00606351 0.0151435 0.159251 0.162001 0.411478 0.0673857 0.0838291 0.0264806 0.0683673
 0.0022871 0.0576707 0.0514368 0.291334 0.168468 0.29242 0.0402023 0.0465833 0.0495985
 0.00489568 0.0220444 0.198511 0.0953594 0.307025 0.121328 0.176796 0.0226395 0.0514021
 0.00109036 0.0471327 0.0755079 0.361502 0.0973176 0.213121 0.0706414 0.0958655 0.0378215
 0.00151016 0.0104461 0.161259 0.139141 0.378673 0.0696634 0.128075 0.039541 0.071692
 0.00439156 0.0164956 0.040365 0.324696 0.153449 0.281873 0.0434324 0.0743468 0.0609504
 0.00321474 0.052063 0.0689752 0.0870135 0.378569 0.120233 0.184833 0.0265138 0.0785847
 0.00259172 0.0368192 0.209704 0.141717 0.0954659 0.277875 0.0737949 0.105597 0.0564344
 0.00302942 0.0254652 0.127669 0.375613 0.137616 0.062351 0.151907 0.0375576 0.0787909
 0.00236411 0.0300203 0.0893127 0.233712 0.377342 0.0933745 0.0354387 0.0803918 0.0580436
 0.00207078 0.0255506 0.114672 0.177184 0.252975 0.275319 0.0570482 0.0201588 0.0750215
 0.00225783 0.02297 0.100126 0.233025 0.196096 0.188605 0.17186 0.0331547 0.0519052
 0.00129639 0.0260493 0.0932937 0.208203 0.259905 0.146557 0.117902 0.100008 0.0467869
 0.00210277 0.0152193 0.107623 0.19711 0.235619 0.196993 0.0929033 0.0695713 0.0828587
 0.000735535 0.0253935 0.0645982 0.232516 0.226805 0.181215 0.126665 0.0556029 0.086469
 0.00446432 0.00915539 0.111025 0.143432 0.27419 0.17859 0.119272 0.0775975 0.0822734
 0.00114781 0.0565337 0.0405821 0.24669 0.166526 0.211324 0.114923 0.0714259 0.0908469
 0.00414922 0.0145617 0.24884 0.0865628 0.262954 0.115875 0.122378 0.0619012 0.082778
 0.0029861 0.0453777 0.0554281 0.46468 0.0821304 0.163905 0.0601848 0.0591321 0.0661761
 0.00357906 0.0346919 0.182675 0.107588 0.447613 0.0515061 0.0854996 0.0291983 0.0576485
 0.00390598 0.0383425 0.129629 0.337592 0.10211 0.280219 0.026889 0.0415298 0.0397828
 0.00435657 0.0418991 0.143237 0.238111 0.316025 0.0628688 0.143794 0.0128369 0.036872
# biomass
 5.75453 35.476 60.7597 19.6635 6.68994 5.48596 4.21145 2.67188 9.99527
 6.6498 18.9852 45.7737 51.2488 12.6787 3.79718 2.9301 2.17382 6.22021
 28.5895 21.7382 23.5419 32.7101 23.0662 4.62215 1.28082 0.952494 2.59925
 5.31029 94.0838 28.6064 21.9519 25.6828 16.4916 3.1297 0.838999 2.21848
 5.84688 17.2514 118.52 22.7865 12.7744 12.9282 7.78522 1.42702 1.32926
 13.235 18.9559 22.0322 101.668 15.4662 7.72911 7.37848 4.29568 1.4635
 13.3769 42.131 22.3932 13.5156 31.5006 3.40884 1.5296 1.4001 1.05902
 19.0621 42.3498 49.737 14.0612 4.54032 7.82221 0.767214 0.33062 0.511886
 3.141 60.3852 51.8957 38.1678 7.77434 2.1594 3.48504 0.330093 0.347139
 8.11603 9.79819 70.6909 33.3268 14.03 2.20025 0.559181 0.868096 0.16201
 18.4167 25.312 12.0901 59.525 22.6353 8.55213 1.26672 0.311305 0.558487
 13.3068 56.1211 29.0495 7.73944 22.5632 6.73158 2.33696 0.333201 0.218701
 8.20068 40.1894 66.047 22.0368 4.40484 11.2245 3.14685 1.05554 0.240616
 2.82187 24.0838 43.6032 36.3569 5.76754 0.784337 1.77412 0.47596 0.190395
 2.13666 8.18447 25.6512 22.8253 8.25504 0.824345 0.0973822 0.209978 0.076264
 18.412 6.18162 8.92329 15.6444 8.28997 2.35944 0.216641 0.0246382 0.0701959
 2.73525 52.4374 6.23266 3.53024 0.601193 1.83085e-08 6.22172e-08 7.47129e-07 1.87556e-06
 3.22274 7.82764 53.9077 2.77041 0.394712 0.0140851 4.92199e-05 5.21378e-05 5.41012e-05
 8.64853 9.48365 9.12577 43.0989 1.79692 0.230228 0.00776238 6.00707e-05 7.26857e-05
 6.17238 25.8079 11.3349 7.77167 31.0937 1.18282 0.143575 0.00468336 8.46947e-05
 11.6064 18.6678 31.2412 9.7538 5.65095 20.6112 0.742701 0.0872175 0.0028353
 8.25678 35.4933 22.6821 26.3007 6.74205 3.52706 12.1642 0.423937 0.05029
 9.30613 25.4227 42.7717 17.9191 15.9426 3.60255 1.77393 5.91278 0.224886
 9.38845 28.9417 31.0446 34.6629 11.3192 8.92895 1.90125 0.904956 3.06246
 4.09702 29.3156 34.9977 23.6162 19.1231 5.38599 3.98206 0.818892 1.62651
 3.95572 12.8503 35.8382 27.6062 13.9953 9.91064 2.6233 1.87398 1.09984
 4.04435 12.3793 15.5923 27.4864 15.4595 6.77807 4.50109 1.15075 1.26032
 2.11923 12.6429 15.0353 12.0676 15.7107 7.6765 3.159 2.02648 1.04288
 25.2724 6.60339 15.1419 10.9852 6.10774 6.72888 3.06986 1.2193 1.1457
 2.89618 79.3997 8.30936 13.576 8.34354 4.23259 4.41772 1.94991 1.44562
 3.27106 9.08326 99.5427 7.37251 10.1289 5.66598 2.72186 2.74832 2.03721
 1.1525 10.2182 11.2817 85.8763 5.23721 6.50341 3.44051 1.59857 2.71044
 1.85924 3.59061 12.6359 9.63175 59.9498 3.29668 3.86986 1.97999 2.37353
 4.01079 5.79668 4.45327 10.9048 6.85828 38.609 2.00818 2.28007 2.46277
 3.96763 12.5384 7.18483 3.79577 7.56527 4.28352 22.7889 1.14631 2.6018
 4.26341 12.5158 15.7174 6.24393 2.71024 4.8787 2.6121 13.4406 2.11076
 22.5741 13.5812 15.8809 13.9409 4.59336 1.80647 3.07676 1.59342 9.24631
 3.1411 72.4942 17.3662 14.1765 10.3065 3.07531 1.14424 1.88505 6.30394
 2.03387 10.1475 93.2109 15.5647 10.5047 6.91211 1.95104 0.702151 4.78471
 4.57078 6.58938 12.9729 80.543 10.7237 6.46929 4.01741 1.09641 2.92451
 12.9581 14.8808 8.47963 11.3543 56.6329 6.75775 3.84939 2.31146 2.20619
 2.43869 42.441 19.2618 7.46073 8.0199 35.8412 4.03807 2.22416 2.51136
 4.33846 8.03136 55.4071 17.2814 5.44408 5.26719 22.2444 2.42367 2.7304
 1.60264 14.3129 10.4806 49.3032 12.392 3.5024 3.20027 13.0691 2.90896
 3.98484 5.28396 18.6351 9.24827 34.8039 7.82827 2.08857 1.84525 8.96383
 14.3229 13.1078 6.86957 16.4713 6.56408 22.1354 4.70101 1.21277 5.96267
 8.63252 46.8309 17.0414 6.20488 12.2536 4.41406 14.0776 2.89169 4.19301
 1.77297 27.8508 60.1349 15.2546 4.59241 8.20857 2.79721 8.62883 4.16224
 3.849 5.61051 34.8395 51.1778 10.4333 2.81534 4.75168 1.56571 6.92977
 0.90851 11.9209 6.8725 29.087 34.4129 6.29307 1.6037 2.61731 4.44777
 2.55829 2.75048 14.2962 5.64941 19.3875 20.6232 3.56318 0.878103 3.70256
 6.91501 7.56109 3.22122 11.4901 3.68677 11.3811 11.4393 1.91134 2.33615
 1.56086 20.0042 8.69363 2.56921 7.5348 2.18407 6.37578 6.19811 2.20924
 4.33614 4.43749 22.6477 6.87438 1.68339 4.47166 1.22632 3.46272 4.42984
 1.60788 12.1485 4.94845 17.6088 4.42009 0.979726 2.46194 0.653057 4.0331
 2.85568 4.45089 13.3527 3.75961 10.9547 2.4807 0.519833 1.26337 2.28192
 1.39479 7.88614 4.88358 10.1505 2.34649 6.17364 1.32192 0.267916 1.74795
 6.22889 3.88718 8.7917 3.86249 6.76906 1.42552 3.55224 0.735847 1.06462
 2.67204 17.674 4.41763 7.11918 2.64963 4.23674 0.845294 2.03788 0.99008
 5.14243 7.74386 20.5154 3.65374 4.98815 1.69387 2.566 0.495306 1.71734
 1.81849 15.2469 9.19609 17.3591 2.61907 3.26237 1.04955 1.53824 1.26271
 7.76236 5.51985 18.5366 7.96623 12.7391 1.75365 2.06947 0.644128 1.65629
 3.36142 24.1337 6.87368 16.4473 5.98795 8.73675 1.13942 1.30089 1.37951
 8.32739 10.6764 30.7014 6.23054 12.6297 4.19528 5.79913 0.731708 1.65461
 2.18316 26.8702 13.7463 27.8031 4.71228 8.67459 2.72754 3.64715 1.43309
 3.62333 7.13624 35.1792 12.8234 21.9721 3.39778 5.92575 1.80263 3.25517
 11.1336 11.9074 9.30465 31.6199 9.40816 14.527 2.12338 3.58141 2.92423
 7.9794 36.7947 15.5667 8.29617 22.7244 6.06672 8.84705 1.25046 3.69131
 6.54985 26.494 48.1867 13.7572 5.83463 14.2757 3.59637 5.07072 2.69901
 9.10861 21.8007 34.9025 43.381 10.0065 3.81102 8.80779 2.14568 4.48318
 8.36895 30.2587 28.7472 31.7798 32.3044 6.71951 2.41923 5.40742 3.88845
 7.85889 27.6096 39.5696 25.8297 23.2181 21.2407 4.17508 1.45367 5.38804
 8.84315 25.6158 35.6568 35.0579 18.5741 15.0167 12.9804 2.46738 3.84721
 4.96091 28.3828 32.4607 30.6041 24.0527 11.4009 8.70046 7.27168 3.3882
 7.59297 15.6475 35.3348 27.3397 20.5755 14.4602 6.46913 4.77336 5.66206
 2.38733 23.4672 19.0637 28.9886 17.8026 11.9566 7.92795 3.4291 5.31112
 12.342 7.20671 27.908 15.2315 18.3317 10.0367 6.35862 4.07616 4.30434
 2.58678 36.2769 8.31581 21.3555 9.07606 9.68157 4.99454 3.05859 3.87454
 7.40842 7.40288 40.3978 5.93685 11.3543 4.20586 4.21363 2.10006 2.79699
 4.79281 20.7376 8.08896 28.6487 3.18795 5.3479 1.86281 1.80336 2.01004
 4.76609 13.1538 22.1182 5.50331 14.4151 1.3943 2.1956 0.738798 1.45278
 4.64205 12.9745 14.0075 15.4112 2.93475 6.7699 0.616239 0.937808 0.894731
 4.59701 12.5883 13.7424 9.65107 8.06443 1.34856 2.92596 0.257374 0.736283
# numbers
 859.789 1011.71 825.745 178.73 48.007 34.064 23.8838 14.3047 51.5738
 993.551 541.425 622.081 465.823 90.9825 23.5778 16.6171 11.6382 32.0952
 4271.57 619.935 319.942 297.316 165.523 28.7003 7.26373 5.09945 13.4116
 793.414 2683.1 388.771 199.53 184.3 102.402 17.7491 4.49182 11.447
 873.586 491.979 1610.73 207.117 91.6687 80.2752 44.1513 7.63996 6.85873
 1977.45 540.587 299.425 924.106 110.985 47.9923 41.8446 22.9982 7.55138
 1998.65 1201.5 304.331 122.849 226.048 21.1665 8.67462 7.49583 5.46436
 2848.09 1207.74 675.944 127.809 32.5813 48.5705 4.35099 1.77007 2.64124
 469.299 1722.08 705.28 346.924 55.7887 13.4083 19.7642 1.76725 1.79117
 1212.62 279.427 960.714 302.922 100.679 13.662 3.17121 4.6476 0.835943
 2751.65 721.853 164.308 541.049 162.431 53.1027 7.18377 1.66666 2.88169
 1988.18 1600.47 394.793 70.3471 161.914 41.7984 13.2533 1.78389 1.12846
 1225.27 1146.13 897.602 200.302 31.6091 69.6962 17.8463 5.65116 1.24154
 421.617 686.827 592.583 330.463 41.3878 4.87019 10.0613 2.54819 0.982403
 319.239 233.406 348.609 207.47 59.2381 5.1186 0.552271 1.12418 0.393509
 2750.96 176.289 121.271 142.199 59.4888 14.6505 1.22861 0.131908 0.362198
 408.676 1495.42 84.704 32.0879 4.31416 1.13683e-07 3.52844e-07 3.99997e-06 9.67754e-06
 481.512 223.23 732.625 25.1815 2.83246 0.0874587 0.000279134 0.000279135 0.000279152
 1292.18 270.457 124.022 391.745 12.8947 1.42955 0.0440217 0.000321606 0.000375045
 922.219 735.996 154.045 70.6401 223.128 7.34451 0.814239 0.0250737 0.000437009
 1734.12 532.371 424.578 88.6566 40.5512 127.981 4.21198 0.466944 0.0146296
 1233.65 1012.2 308.257 239.059 48.381 21.9005 68.9854 2.26967 0.259488
 1390.44 725.009 581.282 162.874 114.404 22.3693 10.0603 31.6557 1.16037
 1402.73 825.365 421.906 315.066 81.2268 55.4425 10.7823 4.84494 15.8018
 612.139 836.028 475.631 214.658 137.227 33.4432 22.5829 4.38417 8.39249
 591.027 366.466 487.053 250.925 100.43 61.5381 14.8772 10.0329 5.67495
 604.27 353.035 211.905 249.836 110.937 42.087 25.5264 6.16088 6.50304
