## assessCA model parameter and state variable estimates
## Model dimensions
# nT
83
# nAges
9

## Parameter estimates
# initN_mult
 1.50453 2.85899 3.73765 1.33833 0.599293 0.70546 0.819894 0.812675 1.95957
# logit.ySteepness
1.13137
# rSteepness
0.812378
# rec.a
204.442
# rec.b
0.283531
# R0
679.424
# B0
57.5578
# M
0.508752
# aSel50
3.03367
# aSel95
4.62969
# aSelS50
4.22359
# aSelS95
6.6583
# omega
 0.51529 1.94149 0.246272 0.318601 1.09734 1.06741 1.41473 -0.425051 0.485592 1.28232 0.913701 0.43491 -0.642492 -0.965889 1.21315 -0.6289 -0.202551 0.622645 0.25972 0.912254 0.579331 0.709745 0.72228 -0.10029 -0.125695 -0.106405 -0.758965 1.75354 -0.385794 -0.262502 -1.34908 -0.846152 -0.0351642 -0.0106292 0.108828 1.80543 -0.167885 -0.629645 0.154188 1.16449 -0.544496 -0.00962789 -1.09005 -0.235657 0.97184 0.390201 -1.26738 -0.56675 -2.08237 -1.05494 -0.0412885 -1.4812 -0.393784 -1.28961 -0.634068 -1.26076 0.348938 -0.416991 0.311165 -0.718667 0.76488 -0.0706064 0.849204 -0.508918 -0.0141896 1.0845 0.717889 0.477231 0.750603 0.593171 0.457113 0.50499 -0.137425 0.242215 -0.955111 0.680972 -0.856222 0.175354 0 0
# Rt
 1022.21 1155.85 4850.19 881.821 953.019 2090.9 2043.27 2808.05 439.481 1115.87 2479.21 1728.92 1041.95 359.672 258.308 2219.39 341.6 419.636 1160.37 862.897 1666.61 1203.25 1383.41 1406.54 621.819 604.654 616.8 318.952 3875.67 445.574 510.946 178.242 299.065 669.445 678.163 749.736 4041.9 563.588 359.171 807.126 2238.92 402.885 681.306 231.86 546.184 1810.49 998.172 188.26 384.027 85.2611 236.726 640.076 147.635 424.899 173.594 336.952 178.339 886.923 410.919 854.26 312.252 1412.9 619.93 1566.94 406.45 673.119 2032.3 1409.66 1100.9 1452.28 1252.36 1095.79 1149.47 604.711 881.708 265.351 1354.2 288.423 798.975 662.671 663.021 653.912 656.562
# Mt
 0.508752 0.508752 0.508752 0.508752 0.508752 0.508752 0.508752 0.508752 0.508752 0.508752 0.508752 0.508752 0.508752 0.508752 0.508752 0.508752 0.508752 0.508752 0.508752 0.508752 0.508752 0.508752 0.508752 0.508752 0.508752 0.508752 0.508752 0.508752 0.508752 0.508752 0.508752 0.508752 0.508752 0.508752 0.508752 0.508752 0.508752 0.508752 0.508752 0.508752 0.508752 0.508752 0.508752 0.508752 0.508752 0.508752 0.508752 0.508752 0.508752 0.508752 0.508752 0.508752 0.508752 0.508752 0.508752 0.508752 0.508752 0.508752 0.508752 0.508752 0.508752 0.508752 0.508752 0.508752 0.508752 0.508752 0.508752 0.508752 0.508752 0.508752 0.508752 0.508752 0.508752 0.508752 0.508752 0.508752 0.508752 0.508752 0.508752 0.508752 0.508752 0.508752 0.508752
# kappa
1.25127
# tau
0.395685
# sigmaR
1.18705
# q
0.55163
# q1
0.43198
# q2
0.55163

## Derived variables
# spawnBt
 79.4899 97.7803 76.6255 87.1251 106.065 134.831 62.1402 48.5904 70.348 72.7528 88.3058 51.0717 64.7565 56.3839 37.9432 28.116 8.74665 22.2942 42.2686 45.6498 50.6899 58.9031 63.4307 72.0687 68.2781 69.1189 60.443 47.3939 35.1724 41.298 70.9789 102.277 88.4413 67.8166 48.7682 41.4422 43.1832 50.6836 83.3885 110.37 92.1256 73.1675 77.4489 82.0144 67.1284 52.5228 44.9637 54.0129 65.2703 58.1567 43.5683 31.9303 24.3858 24.5198 26.1087 24.1587 23.1339 22.5478 23.1778 28.0998 36.5182 42.0712 46.5468 53.075 62.8417 71.2743 72.4991 63.4848 68.1849 84.0552 89.6161 89.494 89.7568 84.1206 77.4117 67.7878 56.972 46.7437 40.0305 40.293 34.3484 35.9046 36.8256
# exploitBt
 88.6702 103.838 80.8424 96.653 119.063 138.062 67.1366 56.4432 79.0571 79.7871 90.8095 57.1096 73.1798 61.6413 40.6492 29.4098 12.3948 27.5697 43.6586 48.1309 54.9063 63.3984 69.176 76.8996 73.418 73.2498 62.6151 49.5624 37.4084 47.5174 81.3834 103.76 89.3838 68.5528 50.4297 44.106 46.2911 58.2088 94.2587 111.93 93.7773 78.2027 83.5759 83.7116 68.858 53.9116 48.8816 59.916 67.8432 58.8483 44.4852 32.4669 25.8353 26.3461 27.0116 25.3968 23.9954 23.6655 24.8668 30.9582 38.6965 44.6541 49.2475 57.5402 66.4876 75.6167 74.4327 67.924 75.2304 89.036 94.1548 94.6916 94.2619 88.2213 80.9392 70.3081 59.4635 49.1826 43.6921 42.0598 37.135 38.431 39.3077
# exploitBtS
 53.8408 60.1601 49.8539 62.7039 65.9444 81.1824 43.0892 30.6243 41.4522 41.1291 54.758 36.1172 40.6772 31.3622 21.37 17.4248 5.98926 11.0557 22.0743 31.5052 36.4573 40.3152 42.0845 46.6884 45.1208 45.1133 40.5101 33.9528 25.0653 30.9247 43.4526 59.5068 64.1988 55.6735 42.0479 33.4874 31.6623 36.7721 50.5258 65.1046 67.8761 59.2803 55.0651 54.7986 50.0823 41.2912 36.3321 37.2239 40.5829 40.5118 34.2911 26.038 20.403 18.0243 17.9309 17.5378 16.7915 16.8447 17.451 19.6123 23.9336 28.7819 33.0397 37.4991 42.6727 49.2138 50.5751 48.5899 47.8773 54.0079 61.0775 63.302 63.0807 59.7309 55.0777 48.8388 41.7517 34.5267 27.7291 26.1125 23.7335 23.8202 24.5636
# Ft
 0 0.470723 0.0145325 0.294153 0.153628 0.696092 0.65224 0.324173 0.605178 0.120582 0.589621 0.273803 0.768079 0.824472 0.589495 1.11208 1.04437 0.112823 0 0.00655316 0.0749332 0.212328 0.182754 0.309205 0.25259 0.302616 0.285045 0.381375 6.15046e-05 0.0185216 0.0681456 0.0840891 0.0630648 0.0923942 0.0707217 0.0490231 0.0519109 0.0549185 0.127692 0.115219 0.119202 0.0939375 0.116182 0.137176 0.135267 0.0783295 0.071582 0.155664 0.157345 0.14244 0.139662 0.0995373 0.0721518 0.0752091 0.0982357 0.084469 0.01224 0 0 0 0 0 0 0.0293735 0 0.0783587 0.10609 0.134016 0.106327 0.0839653 0.101406 0.110132 0.15132 0.159966 0.178373 0.188472 0.228035 0.32213 0.281186 0.309806 0.224962 0.211073 0
# D
0.463274
# projSpawnBio
42.9097
# projExpBio
45.3896
# projExpBioS
24.5636
# trendBio
-0.00105628

## Priors
# pmSteepness
0.8
# psdSteepness
0.08
# pmM
0.5
# psdM
0.05

## Minimization properties
# eiv_nll
61.4185
# age_nll
452.94
# steepness_nlp
8.29267
# objFun
543.94
# maxGrad
5.40746e-06
# iExit
1
# nEval
-2

## Life history schedules
# len
 10.34 17.5605 22.2575 25.3129 27.3005 28.5934 29.4345 29.9816 30.3375
# wt
 0.00669296 0.0350653 0.0735816 0.110018 0.139353 0.161049 0.176331 0.186784 0.193805
# mat
 0.00680752 0.0619228 0.38865 0.859599 0.983323 0.998242 0.999817 0.999981 0.999998
# sel
 0.0229364 0.129322 0.484477 0.856036 0.974108 0.995817 0.999337 0.999895 0.999983

## Input data
# katch
 18.129 48.8791 1.17484 28.4308 18.2915 96.1035 43.7892 18.2974 47.8436 9.62089 53.5432 15.6368 56.2079 50.8216 23.9625 32.706 12.9447 3.11049 0 0.315409 4.1143 13.4612 12.6422 23.7778 18.5447 22.1666 17.8481 18.9019 0.00230079 0.880096 5.54592 8.72512 5.63697 6.33389 3.56647 2.16221 2.40301 3.19674 12.036 12.8964 11.1784 7.34617 9.71002 11.4833 9.31424 4.22287 3.49904 9.32675 10.6748 8.38237 6.2129 3.23167 1.86406 1.98146 2.6535 2.14524 0.293703 0 0 0 0 0 0 1.69016 0 5.92522 7.89659 9.10287 7.99902 7.47594 9.54782 10.4286 14.2637 14.1124 14.4373 13.2511 13.5598 15.8432 12.2856 13.0304 8.35398 8.11176 0
# lastDt
0
# ItScaled
 28.017 57.2692 47.0947 159.33 41.6341 104.142 48.2716 21.9758 39.7388 42.413 45.0519 47.4091 117.125 31.3873 35.3149 15.4251 7.6995 8.4985 22.0895 20.9122 28.4008 58.2003 29.3364 34.7473 33.8138 92.4317 46.7802 36.6698 21.591 26.0273 61.0961 74.6716 63.18 80.5593 17.1483 20.1306 27.1467 36.6683 52.5254 89.4567 38.0943 35.1178 53.6171 48.7197 25.2626 36.3662 72.9822 45.6818 82.6015 48.2741 68.0394 46.7976 18.7577 20.9627 39.6652 22.6913 14.9655 7.69577 11.4244 15.0302 17.3277 14.1818 15.4306 29.7625 27.8666 85.3562 49.4749 22.8073 35.4571 57.9369 47.8055 133.787 76.5178 68.9141 60.9576 62.3043 96.531 46.5838 55.1298 23.286 23.6654 19.5766 12.7766
# obsPropAge
 0.00043047 0.0221353 0.375368 0.233566 0.0882507 0.0696394 0.055383 0.0275861 0.127641
 0.00138425 0.0223738 0.230022 0.50111 0.111541 0.0286019 0.0225366 0.0100952 0.0723348
 0.0204207 0.0263981 0.192852 0.388007 0.260402 0.0587061 0.0111216 0.00877253 0.0333201
 0.00184576 0.088907 0.136905 0.202166 0.297502 0.204622 0.0321965 0.00508782 0.0307675
 0.00168869 0.0267117 0.548543 0.18129 0.0595702 0.0973753 0.0606873 0.0146302 0.00950338
 0.00342451 0.0140408 0.0740881 0.669341 0.124402 0.0388866 0.0441538 0.0218827 0.00978022
 0.00512566 0.0903717 0.166132 0.174928 0.478726 0.048353 0.0118306 0.0115121 0.013022
 0.00380782 0.0643165 0.477675 0.205769 0.0765084 0.145504 0.00943366 0.00364605 0.0133395
 0.000250651 0.0694199 0.358201 0.416378 0.107848 0.0150984 0.0265452 0.00321547 0.00304375
 0.00167852 0.00314002 0.450516 0.344326 0.153641 0.0275869 0.00519347 0.012135 0.00178275
 0.00508141 0.0135307 0.0194683 0.642729 0.217315 0.077294 0.0174105 0.00283128 0.00433918
 0.01051 0.180954 0.219806 0.113813 0.272367 0.142182 0.0453053 0.00949911 0.00556319
 0.00285657 0.0555617 0.512232 0.228748 0.0381725 0.103602 0.0470727 0.00914994 0.00260355
 0.00223663 0.0627413 0.361973 0.405722 0.0934293 0.0126083 0.0388142 0.0135338 0.0089418
 0.0061305 0.026909 0.251688 0.525357 0.150333 0.0259707 0.00364552 0.00665239 0.00331437
 0.0292525 0.0527297 0.202237 0.477941 0.168924 0.0547744 0.00928476 0.00204202 0.00281463
 0.00405596 0.563901 0.240119 0.127071 0.0524429 0.00849136 0.00301671 0.000586121 0.000316346
 0.00123097 0.0246588 0.926201 0.0351664 0.0102528 0.00201642 0.000357939 7.60128e-05 4.01031e-05
 0.00810291 0.0201792 0.104036 0.839262 0.0214683 0.00574154 0.000992767 0.000164316 5.34498e-05
 0.0017668 0.0429766 0.0980586 0.160185 0.679776 0.0142423 0.0025587 0.000330329 0.000106369
 0.0047288 0.0200037 0.275002 0.15967 0.0933424 0.434429 0.0101753 0.00200078 0.000648716
 0.00168391 0.0718193 0.151525 0.483588 0.111601 0.0398725 0.132056 0.0065199 0.00133487
 0.00245455 0.0207773 0.35293 0.259868 0.171873 0.0664708 0.0223507 0.100938 0.00233706
 0.00152415 0.0273629 0.120326 0.508531 0.141732 0.124825 0.0267913 0.0115286 0.0373796
 0.000869392 0.0344509 0.191063 0.382257 0.203993 0.0935362 0.0600693 0.00890773 0.0248534
 0.000857209 0.023965 0.200927 0.417681 0.168677 0.0876437 0.0583982 0.0263253 0.0155255
 0.000740482 0.00916431 0.0949733 0.507398 0.214851 0.0839912 0.057364 0.0161973 0.0153207
 0.000682279 0.0176708 0.0935761 0.238943 0.30315 0.1902 0.0882885 0.0392412 0.0282482
 0.0270727 0.0131642 0.205301 0.300418 0.172724 0.160339 0.0589152 0.0454902 0.0165756
 0.00110386 0.174188 0.0651655 0.289204 0.215577 0.0830596 0.108952 0.0336458 0.0291032
 0.000405954 0.00535631 0.659739 0.0801262 0.11394 0.0544615 0.038079 0.0285521 0.0193397
 6.84206e-05 0.00577902 0.0298391 0.797764 0.0622027 0.0505318 0.0283668 0.0100017 0.0154469
 0.000232357 0.00199486 0.0431784 0.0879616 0.760588 0.0308417 0.0323454 0.0191464 0.023711
 0.000941148 0.0072712 0.0196074 0.160152 0.0891442 0.610984 0.026616 0.046911 0.0383735
 0.00220994 0.0110704 0.0761088 0.0406516 0.162396 0.104672 0.515577 0.0227395 0.0645739
 0.00219006 0.0257641 0.171181 0.106214 0.0508107 0.13859 0.0943303 0.358124 0.0527969
 0.0162532 0.0371783 0.222372 0.259558 0.102106 0.0447002 0.0738958 0.0447643 0.199173
 0.00150678 0.170105 0.15082 0.216533 0.23817 0.0632098 0.0252844 0.0426125 0.0917577
 0.000178365 0.00994695 0.576243 0.131206 0.126375 0.0838463 0.0211989 0.0080312 0.0429732
 0.000663145 0.00322683 0.0412489 0.759542 0.0955435 0.0418216 0.0329512 0.00853354 0.0164694
 0.00160235 0.0109985 0.031729 0.119015 0.633718 0.111543 0.0328904 0.0343213 0.0241823
 0.000246937 0.0436963 0.0998336 0.0696182 0.110462 0.545178 0.0573698 0.0178845 0.0557105
 0.00057239 0.00472809 0.243524 0.222703 0.0623526 0.0827896 0.293264 0.0414617 0.0486048
 0.000210823 0.00866371 0.0446378 0.496104 0.159909 0.0489917 0.0318221 0.166749 0.0429122
 0.0020135 0.00448113 0.070744 0.0907859 0.581811 0.0785639 0.030138 0.0229445 0.118518
 0.00976881 0.0201829 0.0435008 0.229242 0.0767519 0.44844 0.100585 0.0164428 0.0550865
 0.00257143 0.0792025 0.140868 0.072369 0.240844 0.113154 0.240836 0.040441 0.0697134
 0.000144144 0.0165959 0.51118 0.124064 0.0311262 0.122649 0.0319067 0.131507 0.0308265
 0.000712917 0.00357578 0.14365 0.533154 0.129673 0.0210271 0.0506488 0.0155639 0.101994
 0.000131627 0.0118378 0.0190471 0.361819 0.408266 0.0924064 0.0240243 0.0330036 0.0494643
 0.0011026 0.00263334 0.0673918 0.0900431 0.27426 0.402012 0.0614223 0.0161124 0.0850228
 0.0040681 0.0167225 0.0222235 0.29463 0.0648285 0.307774 0.168855 0.0467345 0.0741641
 0.00118847 0.0744502 0.137008 0.0444781 0.204117 0.0534264 0.209012 0.183061 0.0932591
 0.00338472 0.00757584 0.300288 0.171265 0.0342353 0.161728 0.0370344 0.158704 0.125785
 0.000794046 0.0388681 0.0588377 0.575417 0.14269 0.0187265 0.0514862 0.0187067 0.0944732
 0.00301273 0.0137638 0.23686 0.0917409 0.462816 0.0831881 0.0151011 0.0396086 0.0539088
 0.00199979 0.0332435 0.0593105 0.544638 0.0939876 0.158867 0.0476476 0.00956142 0.0507438
 0.00895838 0.0203804 0.185534 0.176699 0.305032 0.0785492 0.174966 0.0318319 0.0180485
 0.00268242 0.0692217 0.0940222 0.330551 0.122414 0.228624 0.0475179 0.0707438 0.0342232
 0.00569802 0.0276625 0.450747 0.126206 0.171203 0.0607433 0.109871 0.0124072 0.0354611
 0.00104455 0.0662566 0.139166 0.477545 0.0820372 0.125136 0.0327629 0.0538404 0.0222118
 0.00344701 0.0106048 0.235427 0.221419 0.392739 0.0346045 0.0591299 0.0172954 0.0253328
 0.00119262 0.0473625 0.0717157 0.362006 0.158895 0.267258 0.0252012 0.0427942 0.0235748
 0.00265631 0.0129259 0.423196 0.0987573 0.245416 0.0682097 0.108373 0.0139735 0.0264924
 0.000425437 0.0719678 0.0746315 0.435489 0.0715859 0.201946 0.0540997 0.0686072 0.0212472
 0.000538522 0.00450608 0.241779 0.165411 0.305056 0.0600641 0.125816 0.0324242 0.064405
 0.00188875 0.0170285 0.0384065 0.408951 0.198536 0.192212 0.0301281 0.0777637 0.0350867
 0.00107671 0.0508347 0.106749 0.110103 0.432656 0.0517081 0.151459 0.0243603 0.0710532
 0.00115992 0.0228794 0.337582 0.162712 0.0853741 0.187064 0.0621467 0.0872338 0.0538479
 0.00162987 0.0286339 0.116449 0.49041 0.109717 0.041941 0.134743 0.0184072 0.0580679
 0.00274814 0.0199393 0.139121 0.35527 0.306788 0.074573 0.0274622 0.0399608 0.0341373
 0.00107846 0.0232276 0.165803 0.201362 0.263148 0.233618 0.0504073 0.0172707 0.044085
 0.00128511 0.019455 0.138776 0.370366 0.217112 0.108976 0.0861356 0.0262406 0.0316537
 0.0016728 0.0192242 0.14519 0.284447 0.232965 0.100375 0.0867016 0.0870296 0.0423953
 0.00250648 0.0112055 0.18432 0.272858 0.214934 0.145411 0.0484052 0.0382817 0.0820785
 0.000797479 0.0287396 0.0809245 0.327427 0.200965 0.183384 0.0636738 0.0388038 0.0752856
 0.00414768 0.0108906 0.242854 0.173018 0.248407 0.133652 0.0657209 0.0476342 0.0736754
 0.000566911 0.0492739 0.0749849 0.356631 0.134724 0.173502 0.101581 0.0481484 0.0605887
 0.00225461 0.0097419 0.37887 0.0940564 0.211897 0.137645 0.0720823 0.0411134 0.0523394
 0.001444 0.0263288 0.0739363 0.661185 0.0622573 0.0809168 0.0289149 0.0313013 0.0337154
 0.00274888 0.0111728 0.269129 0.147988 0.48255 0.0249022 0.0220871 0.0130133 0.0264082
 0.00469956 0.0575216 0.156616 0.524129 0.079815 0.130411 0.0113052 0.0135802 0.0219226
 0.00326942 0.0511073 0.449604 0.180831 0.220874 0.0404734 0.0397146 0.00499974 0.00912587
# predPropAge
 0.00176972 0.0597279 0.369069 0.209912 0.0814582 0.0681134 0.0522964 0.0330322 0.124621
 0.00170878 0.0267142 0.234695 0.451014 0.128151 0.0395698 0.0306012 0.0226431 0.0649022
 0.00921006 0.0385611 0.15231 0.369636 0.299735 0.0633104 0.0178375 0.0132648 0.0361339
 0.00140058 0.136773 0.152161 0.200932 0.264596 0.175563 0.0344764 0.00936934 0.024729
 0.00122876 0.0200569 0.504823 0.168241 0.10576 0.108857 0.0665721 0.012592 0.011869
 0.0023249 0.0187541 0.0801307 0.640056 0.1092 0.0550921 0.05253 0.0309683 0.0109431
 0.00467207 0.0835574 0.165877 0.173473 0.460961 0.0513528 0.0229637 0.0209521 0.0161901
 0.00763724 0.0972232 0.430139 0.214367 0.078975 0.14202 0.014143 0.00606059 0.00943489
 0.000853379 0.0961223 0.31433 0.41119 0.0958268 0.0274044 0.0453608 0.00435001 0.00456171
 0.00214696 0.0148094 0.414939 0.34967 0.170166 0.0276862 0.00712788 0.0113198 0.00213491
 0.00419107 0.0334103 0.0605423 0.545266 0.238763 0.0937285 0.0141404 0.00350996 0.00644886
 0.00464739 0.116759 0.231954 0.109232 0.372125 0.114789 0.0406477 0.00588559 0.00395938
 0.00218574 0.0640103 0.415431 0.24939 0.0565591 0.151267 0.043044 0.0146833 0.00343025
 0.000895731 0.0452748 0.323505 0.491882 0.0878772 0.0120103 0.0278954 0.00756886 0.00309107
 0.000975505 0.0236682 0.289906 0.467976 0.190186 0.0186359 0.00215341 0.00474632 0.00175228
 0.0115847 0.023623 0.142834 0.454699 0.277674 0.0795014 0.00702721 0.000779332 0.00227819
 0.00423079 0.475746 0.22683 0.248292 0.0449014 1.55212e-09 5.45093e-09 6.83327e-08 1.72557e-07
 0.00233659 0.0329729 0.874407 0.0800248 0.0102526 4.78861e-08 1.92145e-06 2.03648e-06 2.11251e-06
 0.00408009 0.0261383 0.0969798 0.82914 0.0395638 0.00409353 1.21781e-06 1.48391e-06 1.81972e-06
 0.00275219 0.0657315 0.112065 0.139731 0.651772 0.0254922 0.00245301 1.37377e-06 1.94739e-06
 0.00465968 0.0428423 0.272115 0.155544 0.105553 0.403256 0.0146663 0.0013613 1.81724e-06
 0.00291354 0.0715502 0.173673 0.360746 0.109252 0.0601954 0.213501 0.00748802 0.000681316
 0.00307001 0.0471935 0.30143 0.226817 0.234437 0.0564133 0.0287392 0.0982314 0.0036683
 0.00280782 0.0488433 0.195917 0.392573 0.149157 0.123135 0.0274237 0.0134657 0.0466784
 0.00130018 0.051863 0.232139 0.277126 0.262019 0.07755 0.0589684 0.0126483 0.0263858
 0.00126719 0.023011 0.237671 0.324353 0.188663 0.140649 0.0384331 0.0281564 0.0177963
 0.0015122 0.0261459 0.122256 0.376891 0.243645 0.110561 0.0759413 0.0199865 0.0230616
 0.000987905 0.0337088 0.150371 0.211455 0.311947 0.157938 0.0660822 0.0437224 0.0237877
 0.0159045 0.0230431 0.200681 0.257984 0.163524 0.184515 0.0857373 0.0345286 0.0340818
 0.00143949 0.222379 0.0857432 0.250943 0.175999 0.0914398 0.0959572 0.0430097 0.0330896
 0.000963789 0.0149211 0.61223 0.0788072 0.12496 0.0716774 0.0346195 0.0350418 0.0267782
 0.000263707 0.013405 0.0548284 0.73757 0.0504416 0.0649996 0.0346196 0.016125 0.0277469
 0.00051363 0.00542644 0.0727503 0.0969793 0.688579 0.0381865 0.0456728 0.0234574 0.0284342
 0.00149911 0.0118772 0.0331694 0.146068 0.103665 0.598573 0.0308269 0.0355571 0.0387641
 0.00206439 0.0361167 0.075401 0.0684151 0.158465 0.0910911 0.488082 0.0242383 0.0561259
 0.00260947 0.0418536 0.193398 0.132248 0.0636855 0.119836 0.0639592 0.330488 0.0519228
 0.0134039 0.0441086 0.187291 0.285744 0.104615 0.0410444 0.0717472 0.0369312 0.215116
 0.00148633 0.189095 0.164684 0.230636 0.188177 0.0561086 0.0204487 0.0344734 0.11489
 0.000584955 0.0162815 0.548022 0.157243 0.117626 0.0781304 0.0216384 0.00760545 0.0528683
 0.00110698 0.00872334 0.0637357 0.687707 0.102211 0.0616107 0.037939 0.0101302 0.0268361
 0.00366508 0.0234043 0.0484793 0.114091 0.641175 0.0769319 0.0430062 0.0255337 0.0237141
 0.000790865 0.0778446 0.130608 0.0870087 0.106464 0.482738 0.0537105 0.0289487 0.0318859
 0.00125142 0.0131149 0.3401 0.185287 0.064881 0.0642882 0.270491 0.0290197 0.0315662
 0.000425189 0.0221309 0.0609579 0.508986 0.144367 0.0408052 0.0374958 0.152109 0.0327231
 0.00121766 0.00915173 0.124911 0.10989 0.47327 0.108011 0.0282952 0.0250662 0.120186
 0.00515532 0.0275364 0.054282 0.236811 0.107549 0.372805 0.0788609 0.0199167 0.0970833
 0.00313475 0.100802 0.142092 0.0914863 0.211163 0.0778285 0.25044 0.0510864 0.0719663
 0.000482344 0.0453472 0.385105 0.177749 0.0607181 0.11384 0.0389564 0.120887 0.0569158
 0.000868957 0.00753873 0.185481 0.499489 0.117912 0.0323149 0.0561223 0.0185136 0.0817588
 0.000222413 0.017728 0.0402428 0.313762 0.431808 0.0817595 0.0207548 0.034747 0.0589751
 0.000816908 0.00520853 0.108805 0.0787255 0.31584 0.349463 0.0613164 0.0150056 0.0648194
 0.00302645 0.0198159 0.0331222 0.22078 0.0823028 0.265581 0.272329 0.0460652 0.0569775
 0.00087724 0.0673948 0.116188 0.0629284 0.219954 0.0663458 0.198631 0.196393 0.0712887
 0.00247578 0.015253 0.309455 0.17465 0.0501739 0.142444 0.0398917 0.115172 0.150484
 0.000986566 0.042814 0.0696339 0.461963 0.138119 0.0322154 0.0849092 0.0229309 0.146427
 0.00203672 0.0185941 0.212496 0.112041 0.389989 0.0943638 0.0204212 0.0518987 0.0981597
 0.00114094 0.0382119 0.0920031 0.342625 0.0953358 0.269077 0.06043 0.0126107 0.0885651
 0.00575325 0.0205405 0.182839 0.147298 0.297906 0.0678457 0.17804 0.0385678 0.0612106
 0.00253676 0.0972451 0.0923959 0.276394 0.121483 0.201391 0.0426554 0.107974 0.0579249
 0.00423601 0.0361894 0.369196 0.117885 0.192395 0.0693142 0.106866 0.0218335 0.0820847
 0.00123873 0.0601892 0.136846 0.469164 0.0817308 0.109336 0.0366336 0.0544812 0.0503816
 0.00485728 0.0190653 0.246533 0.188367 0.352336 0.0503107 0.0625932 0.02023 0.0557064
 0.00193242 0.0782219 0.0817085 0.355072 0.148015 0.226933 0.0301365 0.0361668 0.0418136
 0.00418047 0.0293746 0.316437 0.111082 0.263361 0.0899874 0.128312 0.0164366 0.0408296
 0.000938447 0.0642128 0.119701 0.428802 0.0812152 0.157267 0.049943 0.0686852 0.0292352
 0.00136652 0.0146552 0.266864 0.16718 0.32674 0.0507252 0.0913516 0.0279836 0.0531347
 0.00419146 0.024612 0.0696573 0.414285 0.137311 0.217789 0.0313869 0.0545082 0.0462591
 0.00318591 0.0813779 0.125729 0.115015 0.357696 0.0958374 0.141007 0.019594 0.0605582
 0.00224645 0.0509313 0.341263 0.168606 0.0796686 0.199459 0.0495348 0.0702638 0.038027
 0.00250395 0.0336296 0.200606 0.434422 0.112222 0.042864 0.0995476 0.0238373 0.0503668
 0.00204188 0.0419731 0.148679 0.289066 0.330418 0.0692159 0.0245386 0.0549539 0.0391149
 0.00177647 0.0359755 0.194677 0.223288 0.227464 0.210324 0.0408752 0.0139728 0.0516479
 0.00187199 0.031615 0.168383 0.294063 0.176059 0.144899 0.124271 0.0232864 0.0355521
 0.00105225 0.0354009 0.156537 0.264825 0.237015 0.113928 0.0868663 0.0718179 0.0325577
 0.00167228 0.0202952 0.178606 0.250014 0.215893 0.154913 0.068967 0.0506901 0.0589503
 0.000579373 0.0340518 0.107884 0.298374 0.211339 0.14587 0.0968868 0.0415756 0.0634392
 0.00349604 0.012114 0.185662 0.184116 0.256404 0.144912 0.092555 0.059251 0.061489
 0.000900247 0.0746786 0.0671853 0.317164 0.155252 0.171291 0.0894609 0.0550589 0.069009
 0.0028072 0.0178652 0.380777 0.101381 0.224078 0.0851858 0.086518 0.0435142 0.0578736
 0.00241865 0.0514585 0.0845283 0.542712 0.0692986 0.120058 0.0420905 0.0411791 0.0462559
 0.00274085 0.0483079 0.26444 0.129247 0.391418 0.0389279 0.0621179 0.0209737 0.0418257
 0.00261204 0.046795 0.214212 0.36164 0.0873869 0.209788 0.0192827 0.0296504 0.0286332
 0.00256413 0.0451372 0.210344 0.29865 0.251046 0.0482114 0.107019 0.00947963 0.0275482
# obsPropAgeS
 -1 -1 -1 -1 -1 -1 -1 -1 -1
 -1 -1 -1 -1 -1 -1 -1 -1 -1
 -1 -1 -1 -1 -1 -1 -1 -1 -1
 -1 -1 -1 -1 -1 -1 -1 -1 -1
 -1 -1 -1 -1 -1 -1 -1 -1 -1
 -1 -1 -1 -1 -1 -1 -1 -1 -1
 -1 -1 -1 -1 -1 -1 -1 -1 -1
 -1 -1 -1 -1 -1 -1 -1 -1 -1
 -1 -1 -1 -1 -1 -1 -1 -1 -1
 -1 -1 -1 -1 -1 -1 -1 -1 -1
 -1 -1 -1 -1 -1 -1 -1 -1 -1
 -1 -1 -1 -1 -1 -1 -1 -1 -1
 -1 -1 -1 -1 -1 -1 -1 -1 -1
 -1 -1 -1 -1 -1 -1 -1 -1 -1
 -1 -1 -1 -1 -1 -1 -1 -1 -1
 -1 -1 -1 -1 -1 -1 -1 -1 -1
 -1 -1 -1 -1 -1 -1 -1 -1 -1
 -1 -1 -1 -1 -1 -1 -1 -1 -1
 -1 -1 -1 -1 -1 -1 -1 -1 -1
 -1 -1 -1 -1 -1 -1 -1 -1 -1
 -1 -1 -1 -1 -1 -1 -1 -1 -1
 -1 -1 -1 -1 -1 -1 -1 -1 -1
 -1 -1 -1 -1 -1 -1 -1 -1 -1
 -1 -1 -1 -1 -1 -1 -1 -1 -1
 -1 -1 -1 -1 -1 -1 -1 -1 -1
 -1 -1 -1 -1 -1 -1 -1 -1 -1
 -1 -1 -1 -1 -1 -1 -1 -1 -1
 -1 -1 -1 -1 -1 -1 -1 -1 -1
 -1 -1 -1 -1 -1 -1 -1 -1 -1
 -1 -1 -1 -1 -1 -1 -1 -1 -1
 -1 -1 -1 -1 -1 -1 -1 -1 -1
 -1 -1 -1 -1 -1 -1 -1 -1 -1
 -1 -1 -1 -1 -1 -1 -1 -1 -1
 -1 -1 -1 -1 -1 -1 -1 -1 -1
 -1 -1 -1 -1 -1 -1 -1 -1 -1
 -1 -1 -1 -1 -1 -1 -1 -1 -1
 -1 -1 -1 -1 -1 -1 -1 -1 -1
 -1 -1 -1 -1 -1 -1 -1 -1 -1
 -1 -1 -1 -1 -1 -1 -1 -1 -1
 -1 -1 -1 -1 -1 -1 -1 -1 -1
 -1 -1 -1 -1 -1 -1 -1 -1 -1
 -1 -1 -1 -1 -1 -1 -1 -1 -1
 -1 -1 -1 -1 -1 -1 -1 -1 -1
 -1 -1 -1 -1 -1 -1 -1 -1 -1
 -1 -1 -1 -1 -1 -1 -1 -1 -1
 -1 -1 -1 -1 -1 -1 -1 -1 -1
 -1 -1 -1 -1 -1 -1 -1 -1 -1
 -1 -1 -1 -1 -1 -1 -1 -1 -1
 -1 -1 -1 -1 -1 -1 -1 -1 -1
 -1 -1 -1 -1 -1 -1 -1 -1 -1
 -1 -1 -1 -1 -1 -1 -1 -1 -1
 -1 -1 -1 -1 -1 -1 -1 -1 -1
 -1 -1 -1 -1 -1 -1 -1 -1 -1
 -1 -1 -1 -1 -1 -1 -1 -1 -1
 -1 -1 -1 -1 -1 -1 -1 -1 -1
 -1 -1 -1 -1 -1 -1 -1 -1 -1
 -1 -1 -1 -1 -1 -1 -1 -1 -1
 -1 -1 -1 -1 -1 -1 -1 -1 -1
 -1 -1 -1 -1 -1 -1 -1 -1 -1
 -1 -1 -1 -1 -1 -1 -1 -1 -1
 -1 -1 -1 -1 -1 -1 -1 -1 -1
 -1 -1 -1 -1 -1 -1 -1 -1 -1
 -1 -1 -1 -1 -1 -1 -1 -1 -1
 -1 -1 -1 -1 -1 -1 -1 -1 -1
 -1 -1 -1 -1 -1 -1 -1 -1 -1
 -1 -1 -1 -1 -1 -1 -1 -1 -1
 -1 -1 -1 -1 -1 -1 -1 -1 -1
 -1 -1 -1 -1 -1 -1 -1 -1 -1
 -1 -1 -1 -1 -1 -1 -1 -1 -1
 -1 -1 -1 -1 -1 -1 -1 -1 -1
 -1 -1 -1 -1 -1 -1 -1 -1 -1
 -1 -1 -1 -1 -1 -1 -1 -1 -1
 -1 -1 -1 -1 -1 -1 -1 -1 -1
 -1 -1 -1 -1 -1 -1 -1 -1 -1
 -1 -1 -1 -1 -1 -1 -1 -1 -1
 -1 -1 -1 -1 -1 -1 -1 -1 -1
 -1 -1 -1 -1 -1 -1 -1 -1 -1
 -1 -1 -1 -1 -1 -1 -1 -1 -1
 -1 -1 -1 -1 -1 -1 -1 -1 -1
 -1 -1 -1 -1 -1 -1 -1 -1 -1
 -1 -1 -1 -1 -1 -1 -1 -1 -1
 -1 -1 -1 -1 -1 -1 -1 -1 -1
 -1 -1 -1 -1 -1 -1 -1 -1 -1
# predPropAgeS
 0.00252487 0.0483897 0.232679 0.174786 0.0990047 0.100877 0.0832843 0.0538469 0.204607
 0.00255508 0.022683 0.155074 0.393589 0.16324 0.0614193 0.0510755 0.038685 0.111679
 0.0129381 0.0307609 0.0945484 0.303053 0.358701 0.0923224 0.0279704 0.0212912 0.0584141
 0.00187024 0.103712 0.0897858 0.156594 0.300995 0.243359 0.0513888 0.0142951 0.0380006
 0.00192191 0.0178145 0.348918 0.153581 0.140922 0.176746 0.11623 0.0225037 0.0213637
 0.00342517 0.0156898 0.0521668 0.550342 0.137053 0.0842543 0.0863859 0.0521297 0.0185531
 0.00630622 0.0640451 0.098938 0.136656 0.530043 0.0719528 0.0345985 0.0323129 0.025148
 0.0121941 0.0881505 0.303486 0.19976 0.107421 0.23539 0.0252064 0.0110565 0.0173359
 0.00140995 0.0901835 0.22949 0.396497 0.134876 0.0470009 0.0836565 0.00821186 0.00867331
 0.00360807 0.0141329 0.308143 0.342962 0.243619 0.048299 0.0133712 0.021736 0.00412882
 0.00602111 0.0272568 0.0384351 0.457189 0.292217 0.139781 0.0226763 0.00576161 0.0106618
 0.00636608 0.090823 0.140405 0.0873273 0.434248 0.163225 0.0621521 0.00921175 0.00624145
 0.00340648 0.05665 0.286104 0.226842 0.0750927 0.244724 0.0748821 0.026147 0.00615219
 0.00152514 0.0437756 0.243406 0.488799 0.127467 0.0212281 0.0530181 0.0147249 0.00605672
 0.00160748 0.0221474 0.211101 0.450064 0.266982 0.0318779 0.00396095 0.00893638 0.00332287
 0.0169385 0.0196141 0.0922867 0.388018 0.345871 0.120668 0.0114692 0.00130198 0.00383334
 0.007585 0.48434 0.179701 0.259796 0.0685774 2.88857e-09 1.09084e-08 1.39975e-07 3.5601e-07
 0.00504773 0.0404494 0.834724 0.100896 0.0188683 1.07386e-07 4.63339e-06 5.02669e-06 5.25177e-06
 0.0069907 0.0254314 0.0734258 0.829115 0.0577478 0.0072807 2.32911e-06 2.90502e-06 3.58799e-06
 0.0036424 0.0493998 0.0655384 0.107929 0.73484 0.035022 0.00362381 2.07736e-06 2.96591e-06
 0.00607941 0.031741 0.156883 0.118439 0.117318 0.546148 0.0213592 0.00202931 2.72843e-06
 0.00396916 0.0553515 0.104551 0.286823 0.126792 0.0851264 0.324663 0.0116556 0.00106812
 0.0043716 0.0381614 0.189672 0.188501 0.28439 0.0833885 0.0456808 0.159824 0.0060112
 0.00400638 0.0395758 0.12353 0.326918 0.181307 0.182385 0.0436784 0.0219534 0.0766468
 0.00183273 0.0415139 0.144597 0.227985 0.31464 0.113475 0.0927834 0.0203711 0.0428016
 0.00178243 0.01838 0.147728 0.266271 0.22607 0.205367 0.0603437 0.0452519 0.0288067
 0.00202484 0.0198806 0.0723386 0.294534 0.277925 0.153677 0.113506 0.030578 0.035536
 0.00124928 0.0242064 0.0840282 0.156063 0.336056 0.207326 0.0932796 0.0631739 0.0346173
 0.0205629 0.0169179 0.114654 0.194667 0.180107 0.24764 0.123735 0.0510073 0.0507087
 0.00191613 0.168093 0.0504348 0.194951 0.199577 0.12635 0.142577 0.0654138 0.0506875
 0.00156376 0.0137477 0.438954 0.0746259 0.172722 0.120724 0.0626999 0.0649626 0.0499995
 0.000398341 0.0114985 0.0365978 0.650238 0.0649095 0.101922 0.0583731 0.0278306 0.0482328
 0.000619512 0.00371669 0.038775 0.0682676 0.707524 0.0478116 0.0614915 0.0323273 0.0394671
 0.0015991 0.00719448 0.015635 0.0909362 0.0942028 0.662805 0.0367055 0.0433371 0.0475849
 0.00214487 0.0213089 0.0346182 0.0414856 0.140259 0.0982449 0.566057 0.028774 0.0671071
 0.0029774 0.027118 0.0975106 0.088066 0.0619029 0.141937 0.0814599 0.430852 0.0681768
 0.0169767 0.0317239 0.104823 0.21122 0.112876 0.0539635 0.101434 0.0534448 0.313538
 0.00203823 0.147252 0.0997945 0.184587 0.219833 0.0798715 0.0313012 0.0540147 0.181308
 0.000945364 0.0149421 0.391373 0.148315 0.161945 0.131075 0.0390355 0.014044 0.0983256
 0.0016487 0.0073778 0.0419471 0.597781 0.129684 0.0952538 0.0630734 0.017239 0.0459957
 0.00438664 0.0159069 0.0256402 0.0796956 0.653751 0.0955827 0.0574563 0.0349182 0.0326626
 0.00090382 0.0505184 0.0659578 0.0580334 0.10365 0.572684 0.0685166 0.0378005 0.0419346
 0.00164542 0.00979217 0.197604 0.142185 0.0726737 0.0877461 0.396994 0.0435969 0.0477628
 0.000562687 0.0166312 0.0356477 0.393121 0.162757 0.0560562 0.0553891 0.230001 0.0498349
 0.00145032 0.00618989 0.065744 0.0763895 0.480213 0.133546 0.037619 0.0341126 0.164735
 0.00583107 0.0176865 0.027131 0.156326 0.10363 0.437723 0.0995663 0.0257394 0.126367
 0.00365364 0.0667167 0.0731827 0.0622322 0.209666 0.0941642 0.325825 0.0680327 0.0965266
 0.000672583 0.0359071 0.237293 0.144654 0.0721264 0.164781 0.0606353 0.1926 0.0913306
 0.00125843 0.00619971 0.118699 0.422176 0.145471 0.04858 0.0907243 0.0306345 0.136258
 0.000279885 0.0126684 0.0223782 0.23044 0.462912 0.106803 0.0291538 0.0499605 0.0854052
 0.000918069 0.00332398 0.0540339 0.0516361 0.302383 0.407687 0.0769194 0.0192684 0.0838306
 0.00326915 0.012155 0.0158102 0.139187 0.0757362 0.297799 0.328362 0.0568544 0.0708272
 0.000962287 0.0419812 0.05632 0.0402874 0.205544 0.0755481 0.243215 0.246151 0.0899916
 0.00313501 0.0109679 0.173157 0.129071 0.0541241 0.187238 0.0563854 0.166634 0.219287
 0.00128748 0.031728 0.0401562 0.351851 0.153552 0.0436419 0.123688 0.0341921 0.219903
 0.00255507 0.0132462 0.117798 0.0820327 0.416785 0.122886 0.0285964 0.0743906 0.14171
 0.00141244 0.0268626 0.0503299 0.24755 0.100543 0.345787 0.0835059 0.0178375 0.126173
 0.00700219 0.0141962 0.0983344 0.104629 0.308878 0.0857171 0.241878 0.0536334 0.085732
 0.00313146 0.0681674 0.0504007 0.199128 0.127752 0.258066 0.0587758 0.152292 0.0822864
 0.00579258 0.0281021 0.223094 0.094083 0.224128 0.0983922 0.163121 0.0341136 0.129173
 0.00173503 0.0478733 0.0846993 0.383524 0.0975226 0.158971 0.0572756 0.0871904 0.0812082
 0.00652833 0.0145511 0.14642 0.147758 0.403416 0.070193 0.0939061 0.0310667 0.0861606
 0.00249527 0.0573569 0.0466229 0.267589 0.16282 0.304185 0.0434375 0.0533599 0.0621338
 0.00555703 0.0221734 0.185875 0.0861783 0.298233 0.124172 0.190389 0.0249642 0.062458
 0.00126668 0.0492177 0.0713955 0.337794 0.0933862 0.220354 0.0752472 0.105928 0.0454108
 0.00181893 0.0110772 0.156966 0.129873 0.370499 0.0700884 0.135729 0.0425589 0.0813901
 0.00534393 0.017819 0.0392445 0.308269 0.149137 0.288241 0.0446685 0.0794048 0.0678715
 0.00385815 0.055962 0.0672815 0.0812899 0.369016 0.120477 0.190609 0.0271117 0.0843943
 0.00305793 0.0393693 0.205275 0.133949 0.0923858 0.281844 0.0752661 0.109283 0.0595688
 0.00357604 0.0272734 0.126601 0.362097 0.136534 0.0635468 0.158696 0.0388976 0.0827782
 0.00272683 0.0318303 0.0877393 0.2253 0.375906 0.0959531 0.0365793 0.0838526 0.0601128
 0.00230208 0.0264735 0.111479 0.168874 0.251108 0.282927 0.0591261 0.0206887 0.0770211
 0.00242332 0.0232403 0.0963212 0.222169 0.194157 0.194714 0.17957 0.0344429 0.0529625
 0.00134635 0.0257216 0.0885068 0.197759 0.258348 0.15132 0.124065 0.104994 0.0479392
 0.00212892 0.0146719 0.100476 0.185759 0.23414 0.204721 0.0980052 0.0737333 0.0863639
 0.000722547 0.0241151 0.0594541 0.217173 0.22453 0.188841 0.134875 0.0592428 0.0910461
 0.0043134 0.00848741 0.101224 0.132578 0.269498 0.185598 0.127468 0.0835275 0.0873045
 0.00111093 0.0523314 0.0366366 0.228425 0.163211 0.219423 0.12323 0.0776321 0.0979998
 0.00383185 0.0138479 0.229679 0.0807657 0.260568 0.120705 0.131825 0.0678665 0.0909097
 0.00337489 0.0407741 0.05212 0.441968 0.0823753 0.173901 0.0655582 0.0656526 0.0742758
 0.00371514 0.0371834 0.158392 0.102246 0.451978 0.054774 0.0939861 0.0324828 0.0652421
 0.00365076 0.0371402 0.132301 0.294996 0.104049 0.304375 0.0300835 0.0473504 0.0460541
 0.00355463 0.0355329 0.128855 0.241631 0.296479 0.0693789 0.165605 0.0150153 0.0439483
# biomass
 6.84161 40.9528 67.5479 21.7432 7.4149 6.065 4.64021 2.92928 11.0504
 7.73608 21.4501 50.3025 54.7087 13.6607 4.12612 3.17969 2.35147 6.73945
 32.4621 24.1056 25.4153 34.9078 24.8754 5.13966 1.44298 1.07247 2.9212
 5.90199 102.222 30.356 22.6868 26.2538 17.04 3.33446 0.90567 2.39017
 6.37852 18.4659 124.064 23.4002 12.9269 13.0153 7.93156 1.49941 1.41319
 13.9943 20.0216 22.8349 103.228 15.4771 7.63806 7.25718 4.27598 1.51085
 13.6755 43.3784 22.9865 13.605 31.77 3.46214 1.54273 1.4068 1.08697
 18.7942 42.4336 50.1126 14.1344 4.57608 8.04974 0.798804 0.342115 0.532544
 2.94143 58.7616 51.2925 37.9745 7.77715 2.17561 3.58848 0.343936 0.360642
 7.46848 9.13692 68.3352 32.5911 13.9379 2.21828 0.56909 0.903267 0.170341
 16.5933 23.4607 11.3479 57.8426 22.2582 8.54719 1.28494 0.318771 0.585627
 11.5716 51.562 27.3425 7.28734 21.8168 6.5831 2.32292 0.336159 0.226123
 6.97373 36.2218 62.7504 21.3195 4.249 11.1162 3.15204 1.07463 0.251029
 2.40727 21.5803 41.1604 35.4194 5.56084 0.743441 1.72065 0.466603 0.190541
 1.72885 7.43952 24.3241 22.222 7.9364 0.760716 0.0875923 0.192954 0.0712298
 14.8543 5.37225 8.67062 15.6216 8.3834 2.34795 0.206806 0.0229224 0.0670024
 2.28632 45.5977 5.80319 3.59508 0.571336 1.9319e-08 6.76079e-08 8.47057e-07 2.13885e-06
 2.8086 7.0294 49.7591 2.5773 0.290174 1.32575e-06 5.30089e-05 5.6151e-05 5.82421e-05
 7.76632 8.82423 8.73933 42.2869 1.77321 0.179469 5.32034e-05 6.47924e-05 7.94479e-05
 5.77533 24.464 11.1332 7.8564 32.2042 1.23212 0.118144 6.61276e-05 9.37311e-05
 11.1546 18.1896 30.8391 9.97665 5.94959 22.2343 0.805807 0.0747516 9.97795e-05
 8.05332 35.0766 22.7268 26.717 7.11049 3.83232 13.5446 0.474778 0.043195
 9.25914 25.2445 43.0397 18.329 16.6485 3.91884 1.98939 6.79597 0.253763
 9.41389 29.0441 31.0973 35.2657 11.775 9.50882 2.11027 1.03562 3.58961
 4.16181 29.4435 35.1786 23.7677 19.7483 5.71749 4.33222 0.928709 1.93723
 4.04693 13.0338 35.9344 27.7545 14.1868 10.3458 2.81708 2.06267 1.3036
 4.12822 12.6594 15.8007 27.5678 15.6613 6.95186 4.75823 1.25158 1.44403
 2.13473 12.9189 15.3831 12.2428 15.8718 7.86066 3.27737 2.16721 1.179
 25.9397 6.6656 15.4954 11.2738 6.27975 6.93143 3.20943 1.2918 1.27497
 2.98221 81.7102 8.40968 13.9295 8.58528 4.36323 4.56266 2.04392 1.57236
 3.41974 9.38998 102.844 7.49221 10.44 5.85786 2.81933 2.85212 2.17934
 1.19297 10.7554 11.7426 89.4012 5.37295 6.77271 3.59453 1.67332 2.87908
 2.00163 3.75062 13.4221 10.1262 63.1838 3.42759 4.08512 2.09694 2.5416
 4.48057 6.29604 4.69342 11.6974 7.29542 41.2063 2.11467 2.43779 2.65743
 4.53892 14.0839 7.84857 4.03038 8.20375 4.61299 24.6302 1.22246 2.83046
 5.01795 14.2744 17.6066 6.81388 2.88357 5.30768 2.82286 14.578 2.29015
 27.0523 15.7888 17.8954 15.4519 4.97144 1.90797 3.32346 1.70977 9.9581
 3.77207 85.1135 19.7864 15.6828 11.2447 3.27973 1.19108 2.00687 6.68773
 2.40392 11.8671 106.622 17.3142 11.382 7.39541 2.04097 0.716955 4.98338
 5.40207 7.55019 14.725 89.9203 11.7445 6.92505 4.24933 1.13399 3.00381
 14.985 16.9716 9.38385 12.4984 61.7258 7.24477 4.03568 2.39473 2.22388
 2.69649 47.0738 21.0823 7.94864 8.5471 37.91 4.20309 2.2641 2.4936
 4.55995 8.47568 58.6698 18.0899 5.56662 5.39552 22.6216 2.42561 2.63822
 1.55183 14.3256 10.5328 49.7737 12.4064 3.43022 3.14092 12.7346 2.73935
 3.65559 4.87289 17.7535 8.83939 33.4546 7.46869 1.94964 1.72619 8.27588
 12.1175 11.4794 6.0404 14.9139 5.95227 20.183 4.25435 1.07385 5.23401
 6.68073 38.1017 14.3364 5.22407 10.5963 3.82036 12.25 2.49745 3.51788
 1.26001 21.0098 47.6265 12.4411 3.73468 6.84947 2.33566 7.2438 3.41022
 2.57028 3.95488 25.9737 39.5859 8.21214 2.20155 3.81004 1.25615 5.54687
 0.570649 8.06718 4.8882 21.5696 26.0866 4.83162 1.22219 2.04501 3.47064
 1.5844 1.79168 9.99057 4.0911 14.4237 15.6112 2.72948 0.667598 2.88356
 4.284 4.97488 2.21967 8.37353 2.74314 8.65882 8.84755 1.49575 1.84991
 0.988114 13.4638 6.19583 1.89919 5.83362 1.72126 5.13508 5.07439 1.84179
 2.84383 3.10741 16.8283 5.37517 1.35702 3.7686 1.05169 3.03466 3.96473
 1.16186 8.94264 3.88238 14.5769 3.82999 0.873847 2.29506 0.619466 3.9553
 2.25521 3.65161 11.1393 3.32404 10.1677 2.40661 0.518977 1.3182 2.49299
 1.19362 7.09015 4.55677 9.60407 2.34842 6.48373 1.451 0.302629 2.12519
 5.93614 3.75885 8.93122 4.07211 7.23748 1.61235 4.2162 0.912823 1.4486
 2.75027 18.6989 4.7424 8.02891 3.10118 5.02897 1.0614 2.68525 1.44043
 5.71753 8.66336 23.5917 4.26328 6.11453 2.15486 3.31056 0.675996 2.54124
 2.08989 18.0103 10.9302 21.2082 3.24676 4.24869 1.41854 2.10846 1.94963
 9.45649 6.58316 22.7229 9.82597 16.1514 2.25602 2.7969 0.903449 2.48756
 4.14917 29.788 8.30574 20.4272 7.48311 11.2228 1.48513 1.78131 2.05925
 10.4875 13.0699 37.5824 7.46661 15.5566 5.19964 7.38797 0.945862 2.34938
 2.72036 33.0134 16.4272 33.3047 5.54333 10.5002 3.32279 4.56719 1.94381
 4.50516 8.56914 41.6518 14.7676 25.3637 3.85179 6.91229 2.11625 4.01794
 13.6021 14.1658 10.7018 36.0223 10.4921 16.2787 2.33776 4.05762 3.44325
 9.4348 42.7424 17.6272 9.12613 24.9419 6.537 9.58412 1.33104 4.11342
 7.36826 29.6283 52.9919 14.8175 6.1528 15.0684 3.729 5.28652 2.86083
 9.72003 23.1535 36.867 45.1842 10.2574 3.83247 8.86921 2.1226 4.48453
 8.38199 30.5592 28.8947 31.7941 31.9373 6.54439 2.31196 5.17471 3.68292
 7.33407 26.3419 38.0498 24.6993 22.1114 19.9996 3.87311 1.32324 4.8907
 7.69334 23.044 32.7613 32.3806 17.0368 13.7159 11.7218 2.19525 3.35127
 4.04731 24.15 28.5048 27.2923 21.4656 10.0931 7.66855 6.33654 2.87233
 5.90123 12.7023 29.8388 23.6391 17.9387 12.5912 5.58584 4.10325 4.77147
 1.77598 18.5129 15.6563 24.5061 15.2538 10.2989 6.81645 2.9234 4.46036
 9.06363 5.57017 22.7877 12.7894 15.6519 8.6532 5.5073 3.52364 3.65641
 1.93041 28.4012 6.82044 18.2223 7.83866 8.45992 4.40284 2.70822 3.39409
 5.34751 6.03587 34.34 5.17448 10.0507 3.73758 3.78266 1.90143 2.52866
 4.43523 16.7361 7.33831 26.6652 2.99215 5.07084 1.77149 1.73217 1.94554
 4.43757 13.8717 20.2693 5.60677 14.9217 1.45166 2.30828 0.778939 1.55322
 4.3766 13.9063 16.9923 16.2355 3.44763 8.09625 0.741545 1.13962 1.10042
 4.39434 13.7196 17.0661 13.7135 10.1303 1.90304 4.20948 0.372661 1.08287
# numbers
 1022.21 1167.9 918 197.633 53.2093 37.6594 26.3154 15.6827 57.0179
 1155.85 611.718 683.629 497.272 98.0291 25.6203 18.0325 12.5893 34.7744
 4850.19 687.448 345.403 317.292 178.506 31.9137 8.18338 5.7418 15.0729
 881.821 2915.18 412.549 206.21 188.397 105.806 18.9103 4.84876 12.3329
 953.019 526.614 1686.07 212.694 92.7633 80.816 44.9812 8.02751 7.29179
 2090.9 570.979 310.334 938.288 111.064 47.427 41.1567 22.8927 7.79573
 2043.27 1237.07 312.395 123.662 227.981 21.4974 8.74906 7.53172 5.60855
 2808.05 1210.13 681.048 128.474 32.838 49.9832 4.53015 1.83161 2.74783
 439.481 1675.78 697.083 345.167 55.8088 13.509 20.3508 1.84136 1.86085
 1115.87 260.568 928.699 296.235 100.018 13.774 3.22741 4.8359 0.87893
 2479.21 669.057 154.223 525.757 159.725 53.0721 7.2871 1.70663 3.02173
 1728.92 1470.46 371.594 66.2379 156.557 40.8765 13.1736 1.79973 1.16675
 1041.95 1032.98 852.8 193.783 30.4908 69.0238 17.8758 5.75336 1.29527
 359.672 615.431 559.384 321.942 39.9046 4.61625 9.75811 2.49809 0.983157
 258.308 212.162 330.572 201.985 56.9516 4.72351 0.49675 1.03304 0.367533
 2219.39 153.207 117.837 141.991 60.1593 14.5791 1.17283 0.122722 0.345721
 341.6 1300.36 78.8674 32.6773 4.09991 1.19957e-07 3.83416e-07 4.53496e-06 1.10361e-05
 419.636 200.466 676.243 23.4262 2.08229 8.23199e-06 0.000300622 0.00030062 0.000300519
 1160.37 251.651 118.771 384.364 12.7246 1.11437 0.000301725 0.000346885 0.000409937
 862.897 697.668 151.304 71.4103 231.097 7.65059 0.670013 0.000354033 0.000483636
 1666.61 518.735 419.114 90.6822 42.6943 138.059 4.56986 0.400204 0.000514844
 1203.25 1000.32 308.865 242.842 51.0249 23.796 76.8135 2.54186 0.222879
 1383.41 719.927 584.925 166.601 119.47 24.3332 11.2821 36.3842 1.30937
 1406.54 828.285 422.623 320.545 84.4972 59.0431 11.9677 5.54447 18.5217
 621.819 839.676 478.089 216.035 141.714 35.5016 24.5687 4.97211 9.99576
 604.654 371.7 488.36 252.273 101.805 64.2401 15.9762 11.0431 6.72632
 616.8 361.022 214.737 250.576 112.386 43.1662 26.9847 6.70072 7.45093
